1.5   8.24672e-09   -1.07939e-09   -6.94542e-09   -7.43955e-10   4.3747e-10   -3.1703e-10   -2.16446e-10   1.92687e-11   -5.78846e-09   3.07064e-10   2.06352e-09   4.70461e-10   -5.2032e-11   1.84934e-11   6.88551e-12   2.90083e-11   -2.36643e-09   6.68707e-10   4.71875e-09   3.96036e-10   -3.50482e-10   2.3483e-10   1.59504e-10   3.40866e-11
1.5   -1.07939e-09   2.19925e-08   -3.28327e-09   -1.74485e-08   -3.196e-10   1.98497e-10   1.08677e-10   -2.7442e-10   3.81583e-10   -1.34567e-08   1.34693e-09   5.20644e-09   3.55426e-11   -1.76289e-11   3.44452e-12   -1.97254e-11   6.40722e-10   -7.60703e-09   1.95558e-09   1.09396e-08   2.57804e-10   -1.17298e-10   -7.49774e-11   1.98975e-10
1.5   -6.94542e-09   -3.28327e-09   2.9426e-08   -8.71303e-09   -4.26971e-10   3.29115e-10   -4.65345e-10   4.57716e-10   2.67757e-09   1.80892e-09   -1.87633e-08   3.46951e-09   4.52647e-11   3.91633e-12   4.62321e-11   5.79911e-12   4.0739e-09   1.66856e-09   -1.01499e-08   4.73853e-09   3.62571e-10   -3.16843e-10   4.16699e-10   -4.53369e-10
1.5   -7.43955e-10   -1.74485e-08   -8.71303e-09   4.47136e-08   2.02399e-10   -3.92822e-10   4.41874e-10   -4.87887e-10   8.78972e-10   5.94764e-09   3.67628e-09   -2.63921e-08   -2.769e-12   4.29838e-11   5.64296e-12   6.35318e-11   2.97351e-12   1.01678e-08   4.64252e-09   -1.62238e-08   -1.94412e-10   3.29995e-10   -4.27263e-10   4.21674e-10
1.5   4.3747e-10   -3.196e-10   -4.26971e-10   2.02399e-10   1.03128e-08   -1.45177e-09   -5.39271e-09   -1.46694e-09   -2.43551e-11   -2.0093e-11   3.5859e-11   -2.012e-11   -6.80675e-09   2.05755e-10   8.63879e-10   3.52699e-10   -3.69881e-10   2.5287e-10   3.21186e-10   -6.27904e-11   -3.36107e-09   1.13104e-09   4.33582e-09   1.21031e-09
1.5   -3.1703e-10   1.98497e-10   3.29115e-10   -3.92822e-10   -1.45177e-09   2.69039e-08   -4.1243e-09   -1.2986e-08   -6.19367e-12   -7.0093e-11   -8.48922e-11   -1.17748e-10   2.55353e-10   -1.62767e-08   8.36688e-10   1.90163e-09   2.89742e-10   -4.96353e-11   -1.90277e-10   3.833e-10   1.13152e-09   -9.52642e-09   3.25244e-09   9.66213e-09
1.5   -2.16446e-10   1.08677e-10   -4.65345e-10   4.41874e-10   -5.39271e-09   -4.1243e-09   4.0601e-08   -8.15215e-09   -5.50949e-11   3.73681e-11   -1.32435e-10   5.53785e-11   9.91744e-10   9.99649e-10   -2.51046e-08   1.61162e-09   2.6593e-10   -1.68278e-10   5.6949e-10   -4.34852e-10   4.14702e-09   3.24446e-09   -1.47292e-08   6.0321e-09
1.5   1.92687e-11   -2.7442e-10   4.57716e-10   -4.87887e-10   -1.46694e-09   -1.2986e-08   -8.15215e-09   5.76971e-08   2.77909e-11   -9.66719e-11   2.8948e-11   -1.53931e-10   5.01621e-10   2.04941e-09   1.67992e-09   -3.42971e-08   -5.50782e-11   3.7115e-10   -4.46275e-10   6.01258e-10   1.09025e-09   9.39344e-09   5.9968e-09   -2.08093e-08
1.5   -5.78846e-09   3.81583e-10   2.67757e-09   8.78972e-10   -2.43551e-11   -6.19367e-12   -5.50949e-11   2.77909e-11   1.40812e-08   -7.18116e-10   -2.07302e-09   -1.10393e-09   1.41042e-11   -1.03896e-11   3.26688e-12   -4.76709e-12   -8.12266e-09   2.58484e-10   -8.19295e-10   3.21769e-10   1.19625e-11   9.64656e-12   4.63092e-11   -1.28583e-11
1.5   3.07064e-10   -1.34567e-08   1.80892e-09   5.94764e-09   -2.0093e-11   -7.0093e-11   3.73681e-11   -9.66719e-11   -7.18116e-10   3.39556e-08   -2.1218e-09   -5.28105e-09   -8.89315e-12   6.11715e-12   -1.3838e-11   -1.99014e-12   3.42877e-10   -1.93171e-08   3.94348e-10   -2.19118e-09   2.57999e-11   6.48078e-11   -1.8504e-11   9.08431e-11
1.5   2.06352e-09   1.34693e-09   -1.87633e-08   3.67628e-09   3.5859e-11   -8.48922e-11   -1.32435e-10   2.8948e-11   -2.07302e-09   -2.1218e-09   5.11614e-08   -3.97064e-09   -7.6016e-12   -8.8523e-12   -9.42902e-13   -5.98091e-12   -2.3464e-10   8.26362e-10   -3.16966e-08   1.31919e-10   -2.2253e-11   7.326e-11   1.18844e-10   3.53186e-12
1.5   4.70461e-10   5.20644e-09   3.46951e-09   -2.63921e-08   -2.012e-11   -1.17748e-10   5.53785e-11   -1.53931e-10   -1.10393e-09   -5.28105e-09   -3.97064e-09   7.15533e-08   -3.37529e-12   -1.33978e-12   -1.34499e-11   -3.32922e-12   7.21846e-10   -1.57283e-09   2.60199e-10   -4.24247e-08   2.09198e-11   1.14515e-10   -3.69102e-11   1.52341e-10
1.5   -5.2032e-11   3.55426e-11   4.52647e-11   -2.769e-12   -6.80675e-09   2.55353e-10   9.91744e-10   5.01621e-10   1.41042e-11   -8.89315e-12   -7.6016e-12   -3.37529e-12   1.49314e-08   -1.91851e-10   -5.04386e-10   -2.52565e-10   3.51665e-11   -2.21087e-11   -3.35201e-11   -1.42865e-13   -7.95933e-09   -1.26629e-10   -7.06207e-10   -1.48098e-10
1.5   1.84934e-11   -1.76289e-11   3.91633e-12   4.29838e-11   2.05755e-10   -1.62767e-08   9.99649e-10   2.04941e-09   -1.03896e-11   6.11715e-12   -8.8523e-12   -1.33978e-12   -1.91851e-10   3.64927e-08   -4.9579e-10   -1.58151e-09   -7.44581e-12   7.28225e-12   3.02147e-12   -3.53304e-11   -7.89683e-11   -1.90428e-08   -3.85434e-10   -2.00642e-09
1.5   6.88551e-12   3.44452e-12   4.62321e-11   5.64296e-12   8.63879e-10   8.36688e-10   -2.51046e-08   1.67992e-09   3.26688e-12   -1.3838e-11   -9.42902e-13   -1.34499e-11   -5.04386e-10   -4.9579e-10   5.60853e-08   -9.96895e-10   -9.92563e-12   8.92403e-12   -4.43521e-11   7.4888e-12   -5.80371e-10   -2.48583e-10   -3.03485e-08   -8.40585e-10
1.5   2.90083e-11   -1.97254e-11   5.79911e-12   6.35318e-11   3.52699e-10   1.90163e-09   1.61162e-09   -3.42971e-08   -4.76709e-12   -1.99014e-12   -5.98091e-12   -3.32922e-12   -2.52565e-10   -1.58151e-09   -9.96895e-10   7.81519e-08   -2.17333e-11   1.23163e-11   -4.47525e-12   -4.70316e-11   -9.15869e-12   -1.88312e-09   -7.94818e-10   -4.12791e-08
1.5   -2.36643e-09   6.40722e-10   4.0739e-09   2.97351e-12   -3.69881e-10   2.89742e-10   2.6593e-10   -5.50782e-11   -8.12266e-09   3.42877e-10   -2.3464e-10   7.21846e-10   3.51665e-11   -7.44581e-12   -9.92563e-12   -2.17333e-11   1.0652e-08   -9.94343e-10   -4.12491e-09   -6.5634e-10   3.01494e-10   -2.17714e-10   -2.04615e-10   -8.5253e-12
1.5   6.68707e-10   -7.60703e-09   1.66856e-09   1.01678e-08   2.5287e-10   -4.96353e-11   -1.68278e-10   3.7115e-10   2.58484e-10   -1.93171e-08   8.26362e-10   -1.57283e-09   -2.21087e-11   7.28225e-12   8.92403e-12   1.23163e-11   -9.94343e-10   2.81519e-08   -2.27835e-09   -1.03911e-08   -2.07686e-10   -6.65551e-12   1.23247e-10   -2.99791e-10
1.5   4.71875e-09   1.95558e-09   -1.01499e-08   4.64252e-09   3.21186e-10   -1.90277e-10   5.6949e-10   -4.46275e-10   -8.19295e-10   3.94348e-10   -3.16966e-08   2.60199e-10   -3.35201e-11   3.02147e-12   -4.43521e-11   -4.47525e-12   -4.12491e-09   -2.27835e-09   4.227e-08   -4.85588e-09   -2.79165e-10   1.98272e-10   -5.04549e-10   4.08013e-10
1.5   3.96036e-10   1.09396e-08   4.73853e-09   -1.62238e-08   -6.27904e-11   3.833e-10   -4.34852e-10   6.01258e-10   3.21769e-10   -2.19118e-09   1.31919e-10   -4.24247e-08   -1.42865e-13   -3.53304e-11   7.4888e-12   -4.70316e-11   -6.5634e-10   -1.03911e-08   -4.85588e-09   6.10493e-08   6.83239e-11   -3.43796e-10   3.96272e-10   -5.23786e-10
1.5   -3.50482e-10   2.57804e-10   3.62571e-10   -1.94412e-10   -3.36107e-09   1.13152e-09   4.14702e-09   1.09025e-09   1.19625e-11   2.57999e-11   -2.2253e-11   2.09198e-11   -7.95933e-09   -7.89683e-11   -5.80371e-10   -9.15869e-12   3.01494e-10   -2.07686e-10   -2.79165e-10   6.83239e-11   1.1435e-08   -1.06619e-09   -3.81819e-09   -9.91752e-10
1.5   2.3483e-10   -1.17298e-10   -3.16843e-10   3.29995e-10   1.13104e-09   -9.52642e-09   3.24446e-09   9.39344e-09   9.64656e-12   6.48078e-11   7.326e-11   1.14515e-10   -1.26629e-10   -1.90428e-08   -2.48583e-10   -1.88312e-09   -2.17714e-10   -6.65551e-12   1.98272e-10   -3.43796e-10   -1.06619e-09   2.96406e-08   -2.76365e-09   -9.18198e-09
1.5   1.59504e-10   -7.49774e-11   4.16699e-10   -4.27263e-10   4.33582e-09   3.25244e-09   -1.47292e-08   5.9968e-09   4.63092e-11   -1.8504e-11   1.18844e-10   -3.69102e-11   -7.06207e-10   -3.85434e-10   -3.03485e-08   -7.94818e-10   -2.04615e-10   1.23247e-10   -5.04549e-10   3.96272e-10   -3.81819e-09   -2.76365e-09   4.5316e-08   -5.15445e-09
1.5   3.40866e-11   1.98975e-10   -4.53369e-10   4.21674e-10   1.21031e-09   9.66213e-09   6.0321e-09   -2.08093e-08   -1.28583e-11   9.08431e-11   3.53186e-12   1.52341e-10   -1.48098e-10   -2.00642e-09   -8.40585e-10   -4.12791e-08   -8.5253e-12   -2.99791e-10   4.08013e-10   -5.23786e-10   -9.91752e-10   -9.18198e-09   -5.15445e-09   6.41701e-08
3.15   2.07206e-09   -2.3083e-10   -2.04991e-09   -1.0867e-10   7.78674e-11   -5.57319e-11   -6.08252e-11   4.92949e-11   -1.19619e-09   9.42841e-11   6.08632e-10   2.48243e-10   1.48918e-12   -2.7061e-12   -1.29654e-10   1.39923e-10   -7.91097e-10   1.02836e-10   1.00857e-09   2.61023e-10   -3.77142e-11   3.42308e-11   -1.7327e-10   1.98166e-10
3.15   -2.3083e-10   5.38162e-09   -6.05336e-10   -5.06775e-09   -6.00895e-11   1.15038e-10   7.36534e-11   -1.0106e-10   8.76905e-11   -2.9641e-09   5.58666e-10   1.5626e-09   -1.56598e-11   -1.23579e-12   2.04224e-10   -2.12936e-10   6.95716e-11   -2.09312e-09   6.21964e-10   2.49925e-09   1.40895e-11   -7.28191e-11   2.85303e-10   -2.94398e-10
3.15   -2.04991e-09   -6.05336e-10   6.39134e-09   -1.97181e-09   -5.99871e-11   3.42975e-11   1.00302e-10   -7.47876e-11   7.90243e-10   3.789e-10   -3.86147e-09   7.38169e-10   -3.0841e-12   6.32063e-12   1.33211e-10   -1.36322e-10   1.15471e-09   2.78621e-10   -2.0198e-09   7.52376e-10   2.12645e-11   -1.7462e-11   1.37089e-10   -1.81474e-10
3.15   -1.0867e-10   -5.06775e-09   -1.97181e-09   1.04032e-08   3.85324e-11   -8.78646e-11   -1.03061e-10   1.42907e-10   1.44097e-10   1.82911e-09   6.54539e-10   -5.68195e-09   2.06062e-11   3.38007e-12   -2.00758e-10   2.22458e-10   4.96893e-11   2.81968e-09   6.66768e-10   -3.52661e-09   2.69943e-12   4.37602e-11   -2.6917e-10   2.54821e-10
3.15   7.78674e-11   -6.00895e-11   -5.99871e-11   3.85324e-11   2.83124e-09   -3.41241e-10   -1.54366e-09   -4.59719e-10   1.39225e-11   -5.3769e-12   -1.16182e-10   1.49192e-10   -1.5707e-09   9.28041e-11   2.17654e-10   3.11645e-10   -4.76833e-11   3.9745e-11   -2.05809e-10   2.19635e-10   -1.15602e-09   2.1439e-10   8.70425e-10   5.52081e-10
3.15   -5.57319e-11   1.15038e-10   3.42975e-11   -8.78646e-11   -3.41241e-10   7.14501e-09   -1.08769e-09   -3.81726e-09   -1.69154e-11   2.68466e-11   2.0884e-10   -1.6028e-10   8.29041e-11   -3.95814e-09   5.56404e-10   6.13043e-10   1.40277e-11   -1.01948e-10   2.91092e-10   -3.28237e-10   1.86141e-10   -2.80343e-09   1.05802e-09   2.19164e-09
3.15   -6.08252e-11   7.36534e-11   1.00302e-10   -1.03061e-10   -1.54366e-09   -1.08769e-09   1.03481e-08   -2.4333e-09   -1.03781e-11   2.44709e-11   2.88471e-10   -2.29676e-10   3.55387e-10   3.90667e-10   -5.89328e-09   4.13187e-10   -2.42583e-12   -5.78195e-11   2.89147e-10   -3.84574e-10   1.04294e-09   7.62035e-10   -3.56261e-09   1.18521e-09
3.15   4.92949e-11   -1.0106e-10   -7.47876e-11   1.42907e-10   -4.59719e-10   -3.81726e-09   -2.4333e-09   1.474e-08   3.45541e-11   1.70878e-11   -2.69755e-10   3.46847e-10   2.07446e-10   8.34565e-10   3.86939e-10   -8.10604e-09   -6.08523e-13   3.25504e-11   -4.33732e-10   3.52579e-10   3.56852e-10   2.51171e-09   1.16364e-09   -5.08958e-09
3.15   -1.19619e-09   8.76905e-11   7.90243e-10   1.44097e-10   1.39225e-11   -1.69154e-11   -1.03781e-11   3.45541e-11   3.25988e-09   -1.69679e-10   -6.57101e-10   -1.86905e-10   7.52167e-12   8.18237e-15   -5.14337e-11   5.91113e-11   -2.00039e-09   5.98836e-11   -3.37414e-10   2.18976e-10   -5.0603e-12   7.02837e-12   -8.77518e-11   6.796e-11
3.15   9.42841e-11   -2.9641e-09   3.789e-10   1.82911e-09   -5.3769e-12   2.68466e-11   2.44709e-11   1.70878e-11   -1.69679e-10   8.45268e-09   -4.95078e-10   -1.63298e-09   -1.19919e-12   6.31539e-12   3.52336e-11   -2.61342e-11   5.12927e-11   -5.159e-09   2.20796e-10   -6.91628e-10   -2.76915e-12   -2.73335e-11   2.65761e-11   -8.06329e-11
3.15   6.08632e-10   5.58666e-10   -3.86147e-09   6.54539e-10   -1.16182e-10   2.0884e-10   2.88471e-10   -2.69755e-10   -6.57101e-10   -4.95078e-10   1.34637e-08   -1.67011e-09   -4.62978e-11   1.79618e-11   5.81071e-10   -5.96653e-10   -1.78147e-10   6.6702e-11   -7.81452e-09   -7.56641e-10   -9.2829e-12   -1.26515e-10   7.27062e-10   -8.38109e-10
3.15   2.48243e-10   1.5626e-09   7.38169e-10   -5.68195e-09   1.49192e-10   -1.6028e-10   -2.29676e-10   3.46847e-10   -1.86905e-10   -1.63298e-09   -1.67011e-09   1.86637e-08   4.69539e-11   -1.15879e-11   -5.72023e-10   6.16416e-10   1.37286e-10   -4.28603e-10   -7.35034e-10   -1.05682e-08   -2.27196e-11   7.11572e-11   -7.99829e-10   7.55068e-10
3.15   1.48918e-12   -1.56598e-11   -3.0841e-12   2.06062e-11   -1.5707e-09   8.29041e-11   3.55387e-10   2.07446e-10   7.52167e-12   -1.19919e-12   -4.62978e-11   4.69539e-11   3.49125e-09   -6.64222e-11   -2.28264e-10   -4.66424e-11   3.84907e-12   9.20702e-12   -7.2421e-11   6.36948e-11   -1.86694e-09   -3.93035e-11   -3.00857e-10   -4.17301e-12
3.15   -2.7061e-12   -1.23579e-12   6.32063e-12   3.38007e-12   9.28041e-11   -3.95814e-09   3.90667e-10   8.34565e-10   8.18237e-15   6.31539e-12   1.79618e-11   -1.15879e-11   -6.64222e-11   9.21439e-09   -1.79703e-10   -5.73104e-10   -1.48817e-12   -3.25629e-12   1.52403e-11   -3.23155e-11   -4.56433e-11   -4.95431e-09   -1.41238e-10   -6.88034e-10
3.15   -1.29654e-10   2.04224e-10   1.33211e-10   -2.00758e-10   2.17654e-10   5.56404e-10   -5.89328e-09   3.86939e-10   -5.14337e-11   3.52336e-11   5.81071e-10   -5.72023e-10   -2.28264e-10   -1.79703e-10   1.50041e-08   -9.67288e-10   1.47147e-11   -1.43562e-10   8.29557e-10   -8.76828e-10   -2.08592e-10   -2.4905e-10   -7.40537e-09   -1.11208e-09
3.15   1.39923e-10   -2.12936e-10   -1.36322e-10   2.22458e-10   3.11645e-10   6.13043e-10   4.13187e-10   -8.10604e-09   5.91113e-11   -2.61342e-11   -5.96653e-10   6.16416e-10   -4.66424e-11   -5.73104e-10   -9.67288e-10   2.07251e-08   -2.40823e-11   1.37844e-10   -8.86654e-10   8.95175e-10   -6.45586e-11   -5.28792e-10   -1.10738e-09   -1.02342e-08
3.15   -7.91097e-10   6.95716e-11   1.15471e-09   4.96893e-11   -4.76833e-11   1.40277e-11   -2.42583e-12   -6.08523e-13   -2.00039e-09   5.12927e-11   -1.78147e-10   1.37286e-10   3.84907e-12   -1.48817e-12   1.47147e-11   -2.40823e-11   2.802e-09   -1.41198e-10   -9.71064e-10   -1.98592e-10   3.60053e-11   -7.87496e-12   3.912e-11   -3.01607e-11
3.15   1.02836e-10   -2.09312e-09   2.78621e-10   2.81968e-09   3.9745e-11   -1.01948e-10   -5.78195e-11   3.25504e-11   5.98836e-11   -5.159e-09   6.6702e-11   -4.28603e-10   9.20702e-12   -3.25629e-12   -1.43562e-10   1.37844e-10   -1.41198e-10   7.4706e-09   -6.79414e-10   -2.35893e-09   -6.97185e-12   7.65808e-11   -1.81564e-10   2.40913e-10
3.15   1.00857e-09   6.21964e-10   -2.0198e-09   6.66768e-10   -2.05809e-10   2.91092e-10   2.89147e-10   -4.33732e-10   -3.37414e-10   2.20796e-10   -7.81452e-09   -7.35034e-10   -7.2421e-11   1.52403e-11   8.29557e-10   -8.86654e-10   -9.71064e-10   -6.79414e-10   1.22362e-08   -2.41419e-09   2.84322e-11   -1.58623e-10   1.1935e-09   -1.16138e-09
3.15   2.61023e-10   2.49925e-09   7.52376e-10   -3.52661e-09   2.19635e-10   -3.28237e-10   -3.84574e-10   3.52579e-10   2.18976e-10   -6.91628e-10   -7.56641e-10   -1.05682e-08   6.36948e-11   -3.23155e-11   -8.76828e-10   8.95175e-10   -1.98592e-10   -2.35893e-09   -2.41419e-09   1.72343e-08   -2.31763e-11   2.10457e-10   -1.13997e-09   1.31288e-09
3.15   -3.77142e-11   1.40895e-11   2.12645e-11   2.69943e-12   -1.15602e-09   1.86141e-10   1.04294e-09   3.56852e-10   -5.0603e-12   -2.76915e-12   -9.2829e-12   -2.27196e-11   -1.86694e-09   -4.56433e-11   -2.08592e-10   -6.45586e-11   3.60053e-11   -6.97185e-12   2.84322e-11   -2.31763e-11   3.02331e-09   -1.60186e-10   -8.36032e-10   -2.87569e-10
3.15   3.42308e-11   -7.28191e-11   -1.7462e-11   4.37602e-11   2.1439e-10   -2.80343e-09   7.62035e-10   2.51171e-09   7.02837e-12   -2.73335e-11   -1.26515e-10   7.11572e-11   -3.93035e-11   -4.95431e-09   -2.4905e-10   -5.28792e-10   -7.87496e-12   7.65808e-11   -1.58623e-10   2.10457e-10   -1.60186e-10   7.94328e-09   -7.60175e-10   -2.01417e-09
3.15   -1.7327e-10   2.85303e-10   1.37089e-10   -2.6917e-10   8.70425e-10   1.05802e-09   -3.56261e-09   1.16364e-09   -8.77518e-11   2.65761e-11   7.27062e-10   -7.99829e-10   -3.00857e-10   -1.41238e-10   -7.40537e-09   -1.10738e-09   3.912e-11   -1.81564e-10   1.1935e-09   -1.13997e-09   -8.36032e-10   -7.60175e-10   1.30575e-08   -2.25524e-09
3.15   1.98166e-10   -2.94398e-10   -1.81474e-10   2.54821e-10   5.52081e-10   2.19164e-09   1.18521e-09   -5.08958e-09   6.796e-11   -8.06329e-11   -8.38109e-10   7.55068e-10   -4.17301e-12   -6.88034e-10   -1.11208e-09   -1.02342e-08   -3.01607e-11   2.40913e-10   -1.16138e-09   1.31288e-09   -2.87569e-10   -2.01417e-09   -2.25524e-09   1.81313e-08
5.15   2.51376e-09   -2.27182e-10   -2.45253e-09   -2.32168e-10   -4.29629e-11   6.74305e-11   -4.52602e-12   1.71291e-12   -1.42944e-09   1.30893e-10   9.34113e-10   9.00223e-11   8.20765e-12   -4.28087e-12   -2.34856e-11   -4.12422e-11   -1.01846e-09   1.18795e-10   1.38175e-09   5.43028e-11   3.96769e-11   -3.0037e-11   -2.32402e-11   -5.77538e-11
5.15   -2.27182e-10   6.78086e-09   -9.04782e-10   -6.29176e-09   7.2635e-11   3.46222e-12   2.80295e-11   -3.23691e-11   1.39824e-10   -3.59394e-09   3.58292e-10   2.17964e-09   -9.60622e-12   6.25137e-12   -8.38674e-11   -8.60947e-11   1.15014e-10   -2.64848e-09   3.58779e-10   3.20257e-09   -4.37936e-11   1.34904e-11   -1.36854e-10   -1.1531e-10
5.15   -2.45253e-09   -9.04782e-10   8.14062e-09   -2.50435e-09   2.67421e-11   1.0734e-11   -8.01777e-12   8.24279e-11   9.97024e-10   4.25979e-10   -4.88708e-09   1.10191e-09   -4.23995e-12   -8.86465e-12   2.2126e-11   1.4309e-11   1.37095e-09   4.74891e-10   -3.0273e-09   1.37964e-09   -2.62566e-11   -2.40494e-11   2.51576e-11   -2.22565e-11
5.15   -2.32168e-10   -6.29176e-09   -2.50435e-09   1.32504e-08   -2.37188e-11   -1.42913e-11   7.01145e-11   2.32426e-11   1.10956e-10   2.29483e-09   1.14322e-09   -7.17119e-09   2.01395e-12   1.11917e-11   6.38906e-11   7.35052e-11   9.64425e-11   3.32419e-09   1.46665e-09   -4.90345e-09   8.83923e-12   1.30472e-11   6.12584e-11   9.74051e-11
5.15   -4.29629e-11   7.2635e-11   2.67421e-11   -2.37188e-11   3.55841e-09   -3.90758e-10   -1.60641e-09   -7.5044e-10   6.16554e-12   1.97912e-11   -3.14088e-11   -1.56215e-11   -1.9225e-09   1.53282e-10   4.07126e-10   1.87115e-10   4.33389e-11   -4.90606e-11   -6.54887e-11   -9.27449e-11   -1.54352e-09   2.76369e-10   1.04208e-09   4.16701e-10
5.15   6.74305e-11   3.46222e-12   1.0734e-11   -1.42913e-11   -3.90758e-10   9.27939e-09   -1.60148e-09   -4.28756e-09   1.7759e-11   3.87412e-11   -3.14824e-11   -5.96994e-11   1.53769e-10   -4.88267e-09   4.2565e-10   8.57765e-10   -6.10585e-11   -9.79146e-12   -2.12353e-10   -2.12856e-10   2.69346e-10   -3.75012e-09   9.29128e-10   2.40955e-09
5.15   -4.52602e-12   2.80295e-11   -8.01777e-12   7.01145e-11   -1.60641e-09   -1.60148e-09   1.34784e-08   -2.96373e-09   9.97723e-12   2.94992e-11   7.14628e-11   1.05451e-10   4.45455e-10   5.12965e-10   -7.62376e-09   9.70023e-10   -1.31854e-11   -8.16887e-11   2.80794e-13   -7.32176e-11   1.07082e-09   1.04919e-09   -5.50201e-09   1.99956e-09
5.15   1.71291e-12   -3.23691e-11   8.24279e-11   2.32426e-11   -7.5044e-10   -4.28756e-09   -2.96373e-09   1.91723e-08   1.47025e-11   4.39018e-11   1.3049e-10   1.3073e-10   2.35504e-10   9.80441e-10   1.00421e-09   -1.03289e-08   -2.78369e-11   6.56428e-12   5.63302e-12   5.58273e-11   4.76321e-10   2.57371e-09   2.06314e-09   -7.43954e-09
5.15   -1.42944e-09   1.39824e-10   9.97024e-10   1.10956e-10   6.16554e-12   1.7759e-11   9.97723e-12   1.47025e-11   3.95519e-09   -1.42412e-10   -6.75491e-10   -2.61124e-10   2.51293e-13   6.92114e-12   -1.77753e-11   -2.32716e-11   -2.46506e-09   3.80391e-11   -4.21469e-10   5.50199e-11   -1.49237e-12   -1.1817e-11   -4.14248e-11   -5.96525e-11
5.15   1.30893e-10   -3.59394e-09   4.25979e-10   2.29483e-09   1.97912e-11   3.87412e-11   2.94992e-11   4.39018e-11   -1.42412e-10   1.06665e-08   -5.75519e-10   -1.93925e-09   5.45098e-12   -6.79809e-12   -5.84932e-11   -5.67861e-11   3.9987e-11   -6.50889e-09   -7.3983e-14   -1.21392e-09   -1.58324e-11   -4.88845e-11   -1.38851e-10   -1.45391e-10
5.15   9.34113e-10   3.58292e-10   -4.88708e-09   1.14322e-09   -3.14088e-11   -3.14824e-11   7.14628e-11   1.3049e-10   -6.75491e-10   -5.75519e-10   1.6136e-08   -9.49389e-10   -6.72357e-12   -3.69667e-11   8.11396e-11   1.43234e-10   -3.44335e-10   1.03635e-10   -1.08178e-08   1.64188e-10   4.37667e-12   -5.64244e-11   6.83058e-11   1.14299e-10
5.15   9.00223e-11   2.17964e-09   1.10191e-09   -7.17119e-09   -1.56215e-11   -5.96994e-11   1.05451e-10   1.3073e-10   -2.61124e-10   -1.93925e-09   -9.49389e-10   2.30435e-08   -1.05186e-11   -1.80169e-11   1.47729e-10   1.95714e-10   1.11517e-10   -1.04166e-09   1.97132e-10   -1.42142e-08   -1.21217e-11   -6.86541e-12   1.42731e-10   2.00114e-10
5.15   8.20765e-12   -9.60622e-12   -4.23995e-12   2.01395e-12   -1.9225e-09   1.53769e-10   4.45455e-10   2.35504e-10   2.51293e-13   5.45098e-12   -6.72357e-12   -1.05186e-11   4.2219e-09   -6.04127e-11   -2.13002e-10   -1.31218e-10   -5.99195e-12   4.06331e-12   -1.9454e-11   -2.36434e-11   -2.25135e-09   -7.13476e-11   -3.12991e-10   -1.5364e-10
5.15   -4.28087e-12   6.25137e-12   -8.86465e-12   1.11917e-11   1.53282e-10   -4.88267e-09   5.12965e-10   9.80441e-10   6.92114e-12   -6.79809e-12   -3.69667e-11   -1.80169e-11   -6.04127e-11   1.14994e-08   -2.70309e-10   -7.49481e-10   -1.9247e-13   -4.01862e-11   -7.99825e-11   -7.81638e-11   -7.05613e-11   -6.11385e-09   -3.38389e-10   -9.95605e-10
5.15   -2.34856e-11   -8.38674e-11   2.2126e-11   6.38906e-11   4.07126e-10   4.2565e-10   -7.62376e-09   1.00421e-09   -1.77753e-11   -5.84932e-11   8.11396e-11   1.47729e-10   -2.13002e-10   -2.70309e-10   1.79167e-08   -2.73351e-10   2.92835e-12   -8.32588e-12   1.44922e-10   2.36293e-10   -2.83602e-10   -2.77663e-10   -9.8769e-09   -3.13646e-10
5.15   -4.12422e-11   -8.60947e-11   1.4309e-11   7.35052e-11   1.87115e-10   8.57765e-10   9.70023e-10   -1.03289e-08   -2.32716e-11   -5.67861e-11   1.43234e-10   1.95714e-10   -1.31218e-10   -7.49481e-10   -2.73351e-10   2.53206e-08   1.76363e-11   2.26233e-11   2.76016e-10   3.4085e-10   -1.17756e-10   -9.11201e-10   -2.94874e-10   -1.33473e-08
5.15   -1.01846e-09   1.15014e-10   1.37095e-09   9.64425e-11   4.33389e-11   -6.10585e-11   -1.31854e-11   -2.78369e-11   -2.46506e-09   3.9987e-11   -3.44335e-10   1.11517e-10   -5.99195e-12   -1.9247e-13   2.92835e-12   1.76363e-11   3.49022e-09   -1.46718e-10   -1.06678e-09   -2.05478e-10   -3.8341e-11   2.99307e-11   7.43956e-12   4.72482e-11
5.15   1.18795e-10   -2.64848e-09   4.74891e-10   3.32419e-09   -4.90606e-11   -9.79146e-12   -8.16887e-11   6.56428e-12   3.80391e-11   -6.50889e-09   1.03635e-10   -1.04166e-09   4.06331e-12   -4.01862e-11   -8.32588e-12   2.26233e-11   -1.46718e-10   9.53472e-09   -5.83793e-10   -2.91356e-09   3.10038e-11   -5.46318e-11   4.21573e-11   4.67867e-11
5.15   1.38175e-09   3.58779e-10   -3.0273e-09   1.46665e-09   -6.54887e-11   -2.12353e-10   2.80794e-13   5.63302e-12   -4.21469e-10   -7.3983e-14   -1.08178e-08   1.97132e-10   -1.9454e-11   -7.99825e-11   1.44922e-10   2.76016e-10   -1.06678e-09   -5.83793e-10   1.42843e-08   -9.16097e-10   1.88175e-11   2.86616e-11   2.69827e-10   4.78042e-10
5.15   5.43028e-11   3.20257e-09   1.37964e-09   -4.90345e-09   -9.27449e-11   -2.12856e-10   -7.32176e-11   5.58273e-11   5.50199e-11   -1.21392e-09   1.64188e-10   -1.42142e-08   -2.36434e-11   -7.81638e-11   2.36293e-10   3.4085e-10   -2.05478e-10   -2.91356e-09   -9.16097e-10   2.09432e-08   3.85116e-11   4.67751e-11   4.65626e-10   5.7363e-10
5.15   3.96769e-11   -4.37936e-11   -2.62566e-11   8.83923e-12   -1.54352e-09   2.69346e-10   1.07082e-09   4.76321e-10   -1.49237e-12   -1.58324e-11   4.37667e-12   -1.21217e-11   -2.25135e-09   -7.05613e-11   -2.83602e-10   -1.17756e-10   -3.8341e-11   3.10038e-11   1.88175e-11   3.85116e-11   3.78735e-09   -1.93039e-10   -8.25184e-10   -3.43866e-10
5.15   -3.0037e-11   1.34904e-11   -2.40494e-11   1.30472e-11   2.76369e-10   -3.75012e-09   1.04919e-09   2.57371e-09   -1.1817e-11   -4.88845e-11   -5.64244e-11   -6.86541e-12   -7.13476e-11   -6.11385e-09   -2.77663e-10   -9.11201e-10   2.99307e-11   -5.46318e-11   2.86616e-11   4.67751e-11   -1.93039e-10   1.01912e-08   -7.73246e-10   -2.2722e-09
5.15   -2.32402e-11   -1.36854e-10   2.51576e-11   6.12584e-11   1.04208e-09   9.29128e-10   -5.50201e-09   2.06314e-09   -4.14248e-11   -1.38851e-10   6.83058e-11   1.42731e-10   -3.12991e-10   -3.38389e-10   -9.8769e-09   -2.94874e-10   7.43956e-12   4.21573e-11   2.69827e-10   4.65626e-10   -8.25184e-10   -7.73246e-10   1.57034e-08   -1.10992e-09
5.15   -5.77538e-11   -1.1531e-10   -2.22565e-11   9.74051e-11   4.16701e-10   2.40955e-09   1.99956e-09   -7.43954e-09   -5.96525e-11   -1.45391e-10   1.14299e-10   2.00114e-10   -1.5364e-10   -9.95605e-10   -3.13646e-10   -1.33473e-08   4.72482e-11   4.67867e-11   4.78042e-10   5.7363e-10   -3.43866e-10   -2.2722e-09   -1.10992e-09   2.23893e-08
7.34   1.14307e-08   -1.10219e-09   -1.22115e-08   -2.7493e-10   -9.41794e-10   4.16919e-10   9.33084e-11   2.87792e-10   -6.96751e-09   5.70136e-10   4.90207e-09   3.4123e-10   2.02418e-10   -1.09905e-10   -4.24901e-11   -9.76282e-11   -4.20499e-09   4.59961e-10   6.90315e-09   3.27264e-11   6.9248e-10   -2.83858e-10   -6.66451e-12   -2.08479e-10
7.34   -1.10219e-09   3.07322e-08   -3.29615e-09   -3.04333e-08   4.50416e-10   -1.01023e-09   3.88363e-10   1.27547e-10   6.22644e-10   -1.68669e-08   1.69094e-09   1.12777e-08   -1.41864e-10   -4.1976e-11   -1.11003e-10   2.45975e-10   4.71694e-10   -1.16013e-08   1.67456e-09   1.60789e-08   -3.63128e-10   4.32911e-10   -2.76539e-10   3.79985e-10
7.34   -1.22115e-08   -3.29615e-09   3.58606e-08   -1.1099e-08   6.66457e-10   2.59698e-10   -6.1242e-10   4.97963e-10   5.12833e-09   1.70074e-09   -2.20096e-08   4.67297e-09   -1.40896e-10   -5.87042e-11   1.35928e-10   -1.05978e-10   6.69464e-09   1.7866e-09   -1.29898e-08   5.8577e-09   -4.84791e-10   -2.03771e-10   4.15425e-10   -3.63971e-10
7.34   -2.7493e-10   -3.04333e-08   -1.1099e-08   5.93518e-08   9.83921e-11   6.33211e-10   4.98249e-10   -6.53236e-10   2.75394e-10   1.14427e-08   4.71528e-09   -3.25334e-08   1.95273e-11   1.9666e-10   -1.18717e-10   -2.69591e-10   4.97761e-11   1.59179e-08   5.90809e-09   -2.23551e-08   -1.8695e-11   -1.72061e-11   -3.68215e-10   -9.63549e-11
7.34   -9.41794e-10   4.50416e-10   6.66457e-10   9.83921e-11   1.91342e-08   -2.52278e-09   -9.89364e-09   -3.99304e-09   -1.98908e-11   -4.95727e-12   -3.92159e-10   1.23491e-10   -1.0765e-08   8.44256e-10   2.80683e-09   1.28571e-09   8.88422e-10   -4.32549e-10   -1.96509e-10   -2.28512e-10   -7.93155e-09   1.64087e-09   6.59623e-09   2.64175e-09
7.34   4.16919e-10   -1.01023e-09   2.59698e-10   6.33211e-10   -2.52278e-09   4.51915e-08   -8.42092e-09   -2.32086e-08   2.47281e-11   -2.60132e-10   2.01789e-10   8.75183e-11   8.75402e-10   -2.45053e-08   2.71518e-09   5.62348e-09   -5.055e-10   4.79532e-10   -4.63895e-10   2.51698e-10   1.63209e-09   -1.77846e-08   5.63726e-09   1.39983e-08
7.34   9.33084e-11   3.88363e-10   -6.1242e-10   4.98249e-10   -9.89364e-09   -8.42092e-09   6.32597e-08   -1.50034e-08   -6.17064e-12   2.38503e-10   1.30717e-10   2.73723e-10   2.89536e-09   2.77198e-09   -3.63184e-08   4.55762e-09   -6.26231e-11   -5.41165e-10   4.35893e-10   -8.35362e-10   6.51545e-09   5.68906e-09   -2.54596e-08   9.79423e-09
7.34   2.87792e-10   1.27547e-10   4.97963e-10   -6.53236e-10   -3.99304e-09   -2.32086e-08   -1.50034e-08   8.8133e-08   1.90072e-10   4.12829e-10   2.74563e-10   -3.10442e-10   1.34226e-09   5.68439e-09   4.56186e-09   -4.81537e-08   -3.33623e-10   4.05379e-10   -7.70327e-10   -2.29814e-10   2.63567e-09   1.39221e-08   9.78542e-09   -3.42451e-08
7.34   -6.96751e-09   6.22644e-10   5.12833e-09   2.75394e-10   -1.98908e-11   2.47281e-11   -6.17064e-12   1.90072e-10   2.22945e-08   -1.11677e-09   -4.02815e-09   -1.49663e-09   -7.15653e-11   -4.58384e-11   -4.32612e-11   1.09498e-11   -1.49737e-08   5.28841e-10   -1.45286e-09   1.16393e-09   6.70178e-11   -9.05326e-11   5.85512e-11   -5.76591e-11
7.34   5.70136e-10   -1.68669e-08   1.70074e-09   1.14427e-08   -4.95727e-12   -2.60132e-10   2.38503e-10   4.12829e-10   -1.11677e-09   5.37071e-08   -3.09738e-09   -1.04258e-08   -3.41432e-11   -3.41016e-10   -5.22132e-11   2.35462e-10   5.57471e-10   -3.39653e-08   1.49831e-09   -4.52446e-09   -6.88024e-11   -1.82876e-10   -1.64882e-10   3.21169e-10
7.34   4.90207e-09   1.69094e-09   -2.20096e-08   4.71528e-09   -3.92159e-10   2.01789e-10   1.30717e-10   2.74563e-10   -4.02815e-09   -3.09738e-09   7.68783e-08   -5.97865e-09   4.45804e-11   -3.11136e-11   -1.12456e-10   -1.1307e-10   -1.23303e-09   1.51939e-09   -5.35926e-08   9.63221e-10   3.35583e-10   -1.00324e-10   -9.30494e-13   -2.37096e-10
7.34   3.4123e-10   1.12777e-08   4.67297e-09   -3.25334e-08   1.23491e-10   8.75183e-11   2.73723e-10   -3.10442e-10   -1.49663e-09   -1.04258e-08   -5.97865e-09   1.06533e-07   2.14445e-11   3.14711e-10   -9.31353e-11   -5.25271e-10   1.16268e-09   -4.3937e-09   9.49456e-10   -6.82574e-08   1.91971e-12   5.73617e-10   -1.94653e-10   -3.78158e-10
7.34   2.02418e-10   -1.41864e-10   -1.40896e-10   1.95273e-11   -1.0765e-08   8.75402e-10   2.89536e-09   1.34226e-09   -7.15653e-11   -3.41432e-11   4.45804e-11   2.14445e-11   2.46089e-08   -4.57081e-10   -1.38462e-09   -6.99009e-10   -1.4016e-10   5.55942e-11   9.02267e-11   1.05768e-10   -1.35637e-08   -3.97393e-10   -1.82665e-09   -6.14553e-10
7.34   -1.09905e-10   -4.1976e-11   -5.87042e-11   1.9666e-10   8.44256e-10   -2.45053e-08   2.77198e-09   5.68439e-09   -4.58384e-11   -3.41016e-10   -3.11136e-11   3.14711e-10   -4.57081e-10   5.92776e-08   -1.30793e-09   -4.03008e-09   4.61468e-11   -3.43411e-10   1.06703e-10   3.87782e-10   -3.73819e-10   -3.21483e-08   -1.27557e-09   -4.95274e-09
7.34   -4.24901e-11   -1.11003e-10   1.35928e-10   -1.18717e-10   2.80683e-09   2.71518e-09   -3.63184e-08   4.56186e-09   -4.32612e-11   -5.22132e-11   -1.12456e-10   -9.31353e-11   -1.38462e-09   -1.30793e-09   8.68437e-08   -2.36002e-09   8.1445e-11   1.71649e-10   -1.40699e-11   1.93552e-10   -1.74375e-09   -1.2287e-09   -4.94861e-08   -2.43011e-09
7.34   -9.76282e-11   2.45975e-10   -1.05978e-10   -2.69591e-10   1.28571e-09   5.62348e-09   4.55762e-09   -4.81537e-08   1.09498e-11   2.35462e-10   -1.1307e-10   -5.25271e-10   -6.99009e-10   -4.03008e-09   -2.36002e-09   1.18484e-07   2.10925e-10   4.2e-10   2.0085e-10   -3.21621e-10   -5.54706e-10   -4.90583e-09   -2.43216e-09   -6.51013e-08
7.34   -4.20499e-09   4.71694e-10   6.69464e-09   4.97761e-11   8.88422e-10   -5.055e-10   -6.26231e-11   -3.33623e-10   -1.49737e-08   5.57471e-10   -1.23303e-09   1.16268e-09   -1.4016e-10   4.61468e-11   8.1445e-11   2.10925e-10   1.92935e-08   -9.79843e-10   -5.77005e-09   -1.19245e-09   -7.25787e-10   2.41229e-10   -6.05816e-11   3.77734e-10
7.34   4.59961e-10   -1.16013e-08   1.7866e-09   1.59179e-08   -4.32549e-10   4.79532e-10   -5.41165e-10   4.05379e-10   5.28841e-10   -3.39653e-08   1.51939e-09   -4.3937e-09   5.55942e-11   -3.43411e-10   1.71649e-10   4.2e-10   -9.79843e-10   4.79498e-08   -3.02572e-09   -1.50306e-08   2.34246e-10   -9.20378e-10   3.88507e-10   1.61234e-10
7.34   6.90315e-09   1.67456e-09   -1.29898e-08   5.90809e-09   -1.96509e-10   -4.63895e-10   4.35893e-10   -7.70327e-10   -1.45286e-09   1.49831e-09   -5.35926e-08   9.49456e-10   9.02267e-11   1.06703e-10   -1.40699e-11   2.0085e-10   -5.77005e-09   -3.02572e-09   6.70495e-08   -6.8992e-09   8.96779e-11   3.30121e-10   -3.86684e-10   5.68412e-10
7.34   3.27264e-11   1.60789e-08   5.8577e-09   -2.23551e-08   -2.28512e-10   2.51698e-10   -8.35362e-10   -2.29814e-10   1.16393e-09   -4.52446e-09   9.63221e-10   -6.82574e-08   1.05768e-10   3.87782e-10   1.93552e-10   -3.21621e-10   -1.19245e-09   -1.50306e-08   -6.8992e-09   9.52946e-08   2.54194e-10   2.81497e-10   5.95647e-10   -5.73089e-10
7.34   6.9248e-10   -3.63128e-10   -4.84791e-10   -1.8695e-11   -7.93155e-09   1.63209e-09   6.51545e-09   2.63567e-09   6.70178e-11   -6.88024e-11   3.35583e-10   1.91971e-12   -1.35637e-08   -3.73819e-10   -1.74375e-09   -5.54706e-10   -7.25787e-10   2.34246e-10   8.96779e-11   2.54194e-10   2.15025e-08   -1.22901e-09   -5.02899e-09   -1.98512e-09
7.34   -2.83858e-10   4.32911e-10   -2.03771e-10   -1.72061e-11   1.64087e-09   -1.77846e-08   5.68906e-09   1.39221e-08   -9.05326e-11   -1.82876e-10   -1.00324e-10   5.73617e-10   -3.97393e-10   -3.21483e-08   -1.2287e-09   -4.90583e-09   2.41229e-10   -9.20378e-10   3.30121e-10   2.81497e-10   -1.22901e-09   5.19253e-08   -4.13328e-09   -1.22136e-08
7.34   -6.66451e-12   -2.76539e-10   4.15425e-10   -3.68215e-10   6.59623e-09   5.63726e-09   -2.54596e-08   9.78542e-09   5.85512e-11   -1.64882e-10   -9.30494e-13   -1.94653e-10   -1.82665e-09   -1.27557e-09   -4.94861e-08   -2.43216e-09   -6.05816e-11   3.88507e-10   -3.86684e-10   5.95647e-10   -5.02899e-09   -4.13328e-09   7.50259e-08   -7.38073e-09
7.34   -2.08479e-10   3.79985e-10   -3.63971e-10   -9.63549e-11   2.64175e-09   1.39983e-08   9.79423e-09   -3.42451e-08   -5.76591e-11   3.21169e-10   -2.37096e-10   -3.78158e-10   -6.14553e-10   -4.95274e-09   -2.43011e-09   -6.51013e-08   3.77734e-10   1.61234e-10   5.68412e-10   -5.73089e-10   -1.98512e-09   -1.22136e-08   -7.38073e-09   1.03263e-07
9.385   8.03357e-09   -1.01697e-09   -8.14724e-09   -1.03585e-10   -1.4979e-09   3.64086e-10   8.40068e-10   2.21486e-10   -3.90774e-09   7.41351e-10   2.8186e-10   1.1434e-09   -5.73216e-10   1.18079e-10   5.18986e-10   1.07526e-10   -9.90752e-10   9.52545e-10   1.09824e-09   1.28138e-09   -2.44422e-10   1.06703e-10   4.02371e-10   1.27271e-10
9.385   -1.01697e-09   1.79434e-08   -1.76212e-09   -1.7081e-08   4.52332e-10   -1.18531e-09   2.5671e-10   3.2831e-10   6.52163e-10   -3.65798e-09   8.98918e-10   -1.35395e-09   1.01928e-10   -5.81187e-10   1.64638e-10   2.7029e-10   9.08151e-10   -8.06291e-10   1.24507e-09   5.86021e-10   1.02593e-10   -2.66449e-10   2.01755e-10   2.96733e-10
9.385   -8.14724e-09   -1.76212e-09   2.17285e-08   -5.77746e-09   1.56444e-09   1.6757e-10   -1.59055e-09   2.48862e-10   4.54618e-10   4.78244e-10   -5.22162e-09   -1.8253e-10   7.50892e-10   1.40165e-11   -1.01305e-09   -1.24278e-11   8.74303e-10   4.888e-10   -1.96846e-09   2.57994e-10   3.61704e-10   -1.05011e-10   -7.79446e-10   -1.59949e-10
9.385   -1.03585e-10   -1.7081e-08   -5.77746e-09   3.31612e-08   -2.52612e-11   8.55455e-10   4.07023e-10   -7.90145e-10   6.34014e-10   -1.34959e-09   -3.63061e-11   -4.66687e-09   -9.31131e-11   4.33096e-10   9.58573e-11   -5.68659e-10   5.64347e-10   1.85921e-10   4.55306e-10   -1.40203e-09   -1.56929e-10   1.8569e-10   -6.21676e-11   -4.9245e-10
9.385   -1.4979e-09   4.52332e-10   1.56444e-09   -2.52612e-11   1.71946e-08   -2.29626e-09   -8.87327e-09   -2.42825e-09   -1.95659e-09   6.09175e-10   6.65569e-10   5.86832e-10   -6.49184e-09   7.24939e-10   -1.68975e-09   1.02418e-09   -1.13851e-09   5.74883e-10   5.96118e-10   6.41837e-10   -2.75e-09   1.54087e-09   3.84536e-10   1.95995e-09
9.385   3.64086e-10   -1.18531e-09   1.6757e-10   8.55455e-10   -2.29626e-09   2.77799e-08   -4.20988e-09   -1.42215e-08   6.545e-10   -1.30177e-09   4.92402e-10   -8.3836e-12   4.86559e-10   -5.60735e-09   -1.09395e-10   -4.18004e-09   5.07793e-10   -8.12896e-10   4.39569e-10   3.67854e-11   1.13542e-09   -2.32372e-09   9.59099e-10   -1.20145e-09
9.385   8.40068e-10   2.5671e-10   -1.59055e-09   4.07023e-10   -8.87327e-09   -4.20988e-09   3.67396e-08   -6.61801e-09   9.70634e-10   4.1906e-10   -1.37042e-09   3.39723e-10   -2.06138e-09   -5.80772e-10   -6.36428e-09   -1.44196e-09   5.06712e-10   8.0761e-11   -1.16528e-09   -4.52808e-11   -5.2083e-10   1.27241e-10   -3.15428e-09   -2.90617e-10
9.385   2.21486e-10   3.2831e-10   2.48862e-10   -7.90145e-10   -2.42825e-09   -1.42215e-08   -6.61801e-09   4.72401e-08   6.47426e-10   5.43966e-11   4.02385e-10   -8.61916e-10   3.04679e-10   -4.54037e-09   -1.3725e-09   -6.91404e-09   3.07376e-10   -1.45342e-10   8.43662e-11   -8.17629e-10   7.02623e-10   -1.93769e-09   -1.85594e-10   -3.26234e-09
9.385   -3.90774e-09   6.52163e-10   4.54618e-10   6.34014e-10   -1.95659e-09   6.545e-10   9.70634e-10   6.47426e-10   2.43886e-08   -2.09586e-09   -5.79405e-09   -2.61674e-09   -1.79789e-09   7.02924e-10   5.09549e-10   7.3401e-10   -7.2383e-09   -1.4709e-09   -4.0384e-09   -1.86473e-09   -1.184e-09   7.01294e-10   5.01328e-10   7.71657e-10
9.385   7.41351e-10   -3.65798e-09   4.78244e-10   -1.34959e-09   6.09175e-10   -1.30177e-09   4.1906e-10   5.43966e-11   -2.09586e-09   3.40988e-08   -3.80834e-09   -8.72198e-09   7.02259e-10   -1.06424e-09   4.47132e-10   -1.4375e-10   -1.92894e-09   -6.91237e-09   -3.31219e-09   -6.71133e-09   6.09723e-10   -6.94815e-10   4.23902e-10   -4.65727e-11
9.385   2.8186e-10   8.98918e-10   -5.22162e-09   -3.63061e-11   6.65569e-10   4.92402e-10   -1.37042e-09   4.02385e-10   -5.79405e-09   -3.80834e-09   4.34995e-08   -5.47591e-09   4.0488e-10   3.76149e-10   -1.04465e-09   2.71012e-10   -4.87607e-09   -3.75788e-09   -8.00292e-09   -5.1501e-09   2.02565e-10   1.9315e-10   -8.22945e-10   9.45162e-11
9.385   1.1434e-09   -1.35395e-09   -1.8253e-10   -4.66687e-09   5.86832e-10   -8.3836e-12   3.39723e-10   -8.61916e-10   -2.61674e-09   -8.72198e-09   -5.47591e-09   5.43871e-08   6.72641e-10   -2.14699e-10   2.90031e-10   -8.04887e-10   -2.93801e-09   -7.23913e-09   -5.22082e-09   -9.65073e-09   4.58253e-10   -2.63668e-10   1.32793e-10   -6.8818e-10
9.385   -5.73216e-10   1.01928e-10   7.50892e-10   -9.31131e-11   -6.49184e-09   4.86559e-10   -2.06138e-09   3.04679e-10   -1.79789e-09   7.02259e-10   4.0488e-10   6.72641e-10   2.72309e-08   -1.66626e-09   -4.15447e-09   -2.22903e-09   -1.31541e-09   7.74216e-10   4.43008e-10   8.1471e-10   -6.0002e-09   -2.09442e-09   -4.00771e-09   -2.69928e-09
9.385   1.18079e-10   -5.81187e-10   1.40165e-11   4.33096e-10   7.24939e-10   -5.60735e-09   -5.80772e-10   -4.54037e-09   7.02924e-10   -1.06424e-09   3.76149e-10   -2.14699e-10   -1.66626e-09   3.61224e-08   -3.15337e-09   -6.46127e-09   6.67965e-10   -7.41227e-10   4.15886e-10   -1.20628e-10   -2.378e-09   -5.9901e-09   -3.70615e-09   -6.19774e-09
9.385   5.18986e-10   1.64638e-10   -1.01305e-09   9.58573e-11   -1.68975e-09   -1.09395e-10   -6.36428e-09   -1.3725e-09   5.09549e-10   4.47132e-10   -1.04465e-09   2.90031e-10   -4.15447e-09   -3.15337e-09   4.52007e-08   -4.61701e-09   2.68292e-10   2.69064e-10   -8.52112e-10   1.28695e-10   -4.565e-09   -4.02737e-09   -7.26689e-09   -5.44318e-09
9.385   1.07526e-10   2.7029e-10   -1.24278e-11   -5.68659e-10   1.02418e-09   -4.18004e-09   -1.44196e-09   -6.91404e-09   7.3401e-10   -1.4375e-10   2.71012e-10   -8.04887e-10   -2.22903e-09   -6.46127e-09   -4.61701e-09   5.63314e-08   5.5534e-10   -2.34545e-10   1.5414e-10   -7.072e-10   -3.38541e-09   -6.55445e-09   -5.45975e-09   -8.68884e-09
9.385   -9.90752e-10   9.08151e-10   8.74303e-10   5.64347e-10   -1.13851e-09   5.07793e-10   5.06712e-10   3.07376e-10   -7.2383e-09   -1.92894e-09   -4.87607e-09   -2.93801e-09   -1.31541e-09   6.67965e-10   2.68292e-10   5.5534e-10   2.61247e-08   -3.76246e-09   -6.36028e-09   -5.01872e-09   -1.01031e-09   5.55656e-10   1.92543e-10   4.895e-10
9.385   9.52545e-10   -8.06291e-10   4.888e-10   1.85921e-10   5.74883e-10   -8.12896e-10   8.0761e-11   -1.45342e-10   -1.4709e-09   -6.91237e-09   -3.75788e-09   -7.23913e-09   7.74216e-10   -7.41227e-10   2.69064e-10   -2.34545e-10   -3.76246e-09   3.37936e-08   -6.08444e-09   -9.14086e-09   5.50628e-10   -6.28484e-10   1.48383e-10   -2.86447e-10
