1.5   8.34598e-09   -1.13185e-09   -7.07365e-09   -6.3141e-10   4.60252e-10   -2.49511e-10   -2.59956e-10   -3.70513e-11   -5.89254e-09   3.08905e-10   2.12964e-09   4.73623e-10   -5.50007e-11   1.5289e-11   1.31086e-11   2.77356e-11   -2.36534e-09   6.91838e-10   4.78503e-09   3.21037e-10   -3.69612e-10   1.89643e-10   1.94023e-10   6.6646e-11
1.5   -1.13185e-09   2.21688e-08   -3.00786e-09   -1.79115e-08   -2.52489e-10   1.38739e-10   2.56823e-11   -2.06601e-10   3.93883e-10   -1.34841e-08   1.28938e-09   5.30064e-09   2.68411e-11   -1.56878e-11   8.35557e-12   -1.82956e-11   6.87011e-10   -7.70927e-09   1.75078e-09   1.12263e-08   2.06844e-10   -7.90868e-11   -8.93447e-12   1.57309e-10
1.5   -7.07365e-09   -3.00786e-09   2.94425e-08   -8.90213e-09   -4.71381e-10   2.33136e-10   -3.51972e-10   4.89317e-10   2.75218e-09   1.75385e-09   -1.88939e-08   3.54107e-09   5.0262e-11   7.96785e-12   3.31745e-11   9.63302e-12   4.13582e-09   1.46867e-09   -1.00496e-08   4.82642e-09   3.98028e-10   -2.45531e-10   3.25451e-10   -4.63186e-10
1.5   -6.3141e-10   -1.79115e-08   -8.90213e-09   4.54223e-08   1.35361e-10   -3.10352e-10   4.77224e-10   -5.25808e-10   8.59556e-10   6.03666e-09   3.75187e-09   -2.67803e-08   6.13408e-12   4.03178e-11   5.77539e-12   5.96725e-11   -1.05368e-10   1.04929e-08   4.75271e-09   -1.64571e-08   -1.42366e-10   2.69608e-10   -4.53898e-10   4.37449e-10
1.5   4.60252e-10   -2.52489e-10   -4.71381e-10   1.35361e-10   1.04483e-08   -1.4781e-09   -5.48176e-09   -1.40519e-09   -2.64948e-11   -1.97979e-11   4.14317e-11   -2.16809e-11   -6.93492e-09   2.05083e-10   8.88031e-10   3.59763e-10   -3.90143e-10   2.07459e-10   3.57284e-10   -2.30871e-11   -3.37112e-09   1.1392e-09   4.40355e-09   1.17036e-09
1.5   -2.49511e-10   1.38739e-10   2.33136e-10   -3.10352e-10   -1.4781e-09   2.70806e-08   -3.93414e-09   -1.33686e-08   -1.23264e-11   -7.09043e-11   -8.15911e-11   -1.1831e-10   2.65068e-10   -1.63366e-08   8.15611e-10   1.93706e-09   2.36794e-10   -1.16583e-11   -1.11568e-10   3.33436e-10   1.15918e-09   -9.60344e-09   3.09063e-09   9.9356e-09
1.5   -2.59956e-10   2.56823e-11   -3.51972e-10   4.77224e-10   -5.48176e-09   -3.93414e-09   4.0656e-08   -8.23893e-09   -5.19441e-11   3.30557e-11   -1.41208e-10   5.0726e-11   1.01791e-09   9.75758e-10   -2.52733e-08   1.63716e-09   3.0137e-10   -1.00144e-10   4.75079e-10   -4.41412e-10   4.2137e-09   3.07675e-09   -1.46234e-08   6.09359e-09
1.5   -3.70513e-11   -2.06601e-10   4.89317e-10   -5.25808e-10   -1.40519e-09   -1.33686e-08   -8.23893e-09   5.84586e-08   3.03267e-11   -9.51537e-11   2.35988e-11   -1.53111e-10   4.88843e-10   2.09579e-09   1.70554e-09   -3.47945e-08   -6.75809e-12   3.18049e-10   -4.646e-10   6.16411e-10   1.01667e-09   9.68938e-09   6.06549e-09   -2.09966e-08
1.5   -5.89254e-09   3.93883e-10   2.75218e-09   8.59556e-10   -2.64948e-11   -1.23264e-11   -5.19441e-11   3.03267e-11   1.43546e-08   -7.14501e-10   -2.13975e-09   -1.14133e-09   1.48349e-11   -8.25679e-12   2.04248e-12   -5.79256e-12   -8.28917e-09   2.7245e-10   -8.32824e-10   3.4174e-10   1.32081e-11   1.35835e-11   4.44916e-11   -1.42475e-11
1.5   3.08905e-10   -1.34841e-08   1.75385e-09   6.03666e-09   -1.97979e-11   -7.09043e-11   3.30557e-11   -9.51537e-11   -7.14501e-10   3.40669e-08   -2.11584e-09   -5.38787e-09   -7.07455e-12   4.37222e-12   -1.43791e-11   -1.05654e-12   3.65946e-10   -1.93984e-08   4.2479e-10   -2.1944e-09   2.41593e-11   6.56908e-11   -1.45707e-11   9.07618e-11
1.5   2.12964e-09   1.28938e-09   -1.88939e-08   3.75187e-09   4.14317e-11   -8.15911e-11   -1.41208e-10   2.35988e-11   -2.13975e-09   -2.11584e-09   5.15615e-08   -4.04875e-09   -8.65395e-12   -9.91624e-12   1.3863e-12   -6.121e-12   -2.43482e-10   8.47867e-10   -3.19499e-08   1.69238e-10   -2.67922e-11   7.20204e-11   1.24844e-10   7.92274e-12
1.5   4.73623e-10   5.30064e-09   3.54107e-09   -2.67803e-08   -2.16809e-11   -1.1831e-10   5.0726e-11   -1.53111e-10   -1.14133e-09   -5.38787e-09   -4.04875e-09   7.26805e-08   -5.06004e-12   -6.27466e-13   -1.37017e-11   -3.33153e-12   7.16753e-10   -1.5869e-09   2.90721e-10   -4.30998e-08   2.37533e-11   1.1422e-10   -3.17597e-11   1.51803e-10
1.5   -5.50007e-11   2.68411e-11   5.0262e-11   6.13408e-12   -6.93492e-09   2.65068e-10   1.01791e-09   4.88843e-10   1.48349e-11   -7.07455e-12   -8.65395e-12   -5.06004e-12   1.52282e-08   -1.84156e-10   -5.2069e-10   -2.71047e-10   3.73366e-11   -1.66526e-11   -3.72671e-11   -5.46331e-12   -8.12444e-09   -1.11607e-10   -7.22859e-10   -1.56673e-10
1.5   1.5289e-11   -1.56878e-11   7.96785e-12   4.03178e-11   2.05083e-10   -1.63366e-08   9.75758e-10   2.09579e-09   -8.25679e-12   4.37222e-12   -9.91624e-12   -6.27466e-13   -1.84156e-10   3.66383e-08   -5.02444e-10   -1.61104e-09   -6.37831e-12   6.8027e-12   1.03959e-14   -3.30024e-11   -5.63588e-11   -1.91264e-08   -3.75084e-10   -2.04322e-09
1.5   1.31086e-11   8.35557e-12   3.31745e-11   5.77539e-12   8.88031e-10   8.15611e-10   -2.52733e-08   1.70554e-09   2.04248e-12   -1.43791e-11   1.3863e-12   -1.37017e-11   -5.2069e-10   -5.02444e-10   5.65212e-08   -1.00321e-09   -1.45082e-11   5.18314e-12   -3.45742e-11   6.96875e-12   -5.96148e-10   -2.42601e-10   -3.06014e-08   -8.35847e-10
1.5   2.77356e-11   -1.82956e-11   9.63302e-12   5.96725e-11   3.59763e-10   1.93706e-09   1.63716e-09   -3.47945e-08   -5.79256e-12   -1.05654e-12   -6.121e-12   -3.33153e-12   -2.71047e-10   -1.61104e-09   -1.00321e-09   7.93757e-08   -2.00136e-11   1.11659e-11   -7.36458e-12   -4.48545e-11   -3.38983e-11   -1.91373e-09   -7.92455e-10   -4.19453e-08
1.5   -2.36534e-09   6.87011e-10   4.13582e-09   -1.05368e-10   -3.90143e-10   2.36794e-10   3.0137e-10   -6.75809e-12   -8.28917e-09   3.65946e-10   -2.43482e-10   7.16753e-10   3.73366e-11   -6.37831e-12   -1.45082e-11   -2.00136e-11   1.08263e-08   -9.82775e-10   -4.19528e-09   -6.47281e-10   3.1903e-10   -1.8245e-10   -2.3301e-10   -3.68536e-11
1.5   6.91838e-10   -7.70927e-09   1.46867e-09   1.04929e-08   2.07459e-10   -1.16583e-11   -1.00144e-10   3.18049e-10   2.7245e-10   -1.93984e-08   8.47867e-10   -1.5869e-09   -1.66526e-11   6.8027e-12   5.18314e-12   1.11659e-11   -9.82775e-10   2.83058e-08   -2.14605e-09   -1.06795e-08   -1.7318e-10   -2.96763e-11   6.80455e-11   -2.66192e-10
1.5   4.78503e-09   1.75078e-09   -1.00496e-08   4.75271e-09   3.57284e-10   -1.11568e-10   4.75079e-10   -4.646e-10   -8.32824e-10   4.2479e-10   -3.19499e-08   2.90721e-10   -3.72671e-11   1.03959e-14   -3.45742e-11   -7.36458e-12   -4.19528e-09   -2.14605e-09   4.24531e-08   -4.94689e-09   -3.07723e-10   1.38355e-10   -4.27881e-10   4.09685e-10
1.5   3.21037e-10   1.12263e-08   4.82642e-09   -1.64571e-08   -2.30871e-11   3.33436e-10   -4.41412e-10   6.16411e-10   3.4174e-10   -2.1944e-09   1.69238e-10   -4.30998e-08   -5.46331e-12   -3.30024e-11   6.96875e-12   -4.48545e-11   -6.47281e-10   -1.06795e-08   -4.94689e-09   6.19881e-08   3.71775e-11   -3.06108e-10   3.99199e-10   -5.28222e-10
1.5   -3.69612e-10   2.06844e-10   3.98028e-10   -1.42366e-10   -3.37112e-09   1.15918e-09   4.2137e-09   1.01667e-09   1.32081e-11   2.41593e-11   -2.67922e-11   2.37533e-11   -8.12444e-09   -5.63588e-11   -5.96148e-10   -3.38983e-11   3.1903e-10   -1.7318e-10   -3.07723e-10   3.71775e-11   1.16175e-08   -1.04546e-09   -3.88405e-09   -9.84811e-10
1.5   1.89643e-10   -7.90868e-11   -2.45531e-10   2.69608e-10   1.1392e-09   -9.60344e-09   3.07675e-09   9.68938e-09   1.35835e-11   6.56908e-11   7.20204e-11   1.1422e-10   -1.11607e-10   -1.91264e-08   -2.42601e-10   -1.91373e-09   -1.8245e-10   -2.96763e-11   1.38355e-10   -3.06108e-10   -1.04546e-09   2.97762e-08   -2.64284e-09   -9.42987e-09
1.5   1.94023e-10   -8.93447e-12   3.25451e-10   -4.53898e-10   4.40355e-09   3.09063e-09   -1.46234e-08   6.06549e-09   4.44916e-11   -1.45707e-11   1.24844e-10   -3.17597e-11   -7.22859e-10   -3.75084e-10   -3.06014e-08   -7.92455e-10   -2.3301e-10   6.80455e-11   -4.27881e-10   3.99199e-10   -3.88405e-09   -2.64284e-09   4.54892e-08   -5.1919e-09
1.5   6.6646e-11   1.57309e-10   -4.63186e-10   4.37449e-10   1.17036e-09   9.9356e-09   6.09359e-09   -2.09966e-08   -1.42475e-11   9.07618e-11   7.92274e-12   1.51803e-10   -1.56673e-10   -2.04322e-09   -8.35847e-10   -4.19453e-08   -3.68536e-11   -2.66192e-10   4.09685e-10   -5.28222e-10   -9.84811e-10   -9.42987e-09   -5.1919e-09   6.50616e-08
3.15   1.85216e-09   -5.75406e-09   -1.80282e-09   8.66606e-09   -2.8997e-09   2.0307e-09   2.24149e-09   -9.9158e-10   -7.17807e-10   5.67746e-09   9.71939e-10   -1.90297e-08   7.04122e-09   -5.53793e-09   -4.8465e-09   2.05892e-09   -1.00277e-09   -6.96383e-11   1.32208e-10   1.11064e-08   -4.04269e-09   3.35989e-09   1.96173e-09   -2.82963e-10
3.15   -5.75406e-09   5.39607e-08   1.67447e-08   -7.75516e-08   2.84611e-08   -3.92762e-08   -2.52244e-08   3.4924e-08   -3.46555e-09   -8.22541e-08   -3.2981e-08   1.37284e-07   -6.90832e-08   6.1738e-08   3.78425e-08   -1.24474e-08   8.91681e-09   2.87166e-08   1.78053e-08   -6.16883e-08   4.02757e-08   -2.21872e-08   -1.10884e-08   -2.40768e-08
3.15   -1.80282e-09   1.67447e-08   1.0536e-08   -3.07664e-08   2.76686e-09   -3.75179e-09   1.47431e-09   7.89326e-10   -2.5775e-09   -1.70561e-08   -1.4534e-08   5.01989e-08   -1.76685e-08   1.3062e-08   1.04512e-08   -6.51005e-09   4.22098e-09   4.443e-10   4.60308e-09   -1.99988e-08   1.47357e-08   -9.15137e-09   -1.13294e-08   5.06524e-09
3.15   8.66606e-09   -7.75516e-08   -3.07664e-08   1.23975e-07   -3.73297e-08   5.18391e-08   2.92754e-08   -4.39526e-08   5.44238e-09   1.1397e-07   5.16147e-08   -2.21566e-07   1.02201e-07   -8.84602e-08   -5.63136e-08   2.16723e-08   -1.37358e-08   -3.69093e-08   -2.25553e-08   9.9616e-08   -6.43783e-08   3.62894e-08   2.53287e-08   2.39483e-08
3.15   -2.8997e-09   2.84611e-08   2.76686e-09   -3.73297e-08   5.55013e-08   -8.85928e-08   -5.79406e-08   9.1609e-08   9.72744e-09   -1.16278e-07   -2.97277e-09   1.53175e-07   -1.04764e-07   1.04542e-07   4.80661e-08   -7.87805e-09   -7.03033e-09   8.76695e-08   2.09102e-09   -1.17487e-07   4.9036e-08   -1.59846e-08   1.12142e-08   -8.48409e-08
3.15   2.0307e-09   -3.92762e-08   -3.75179e-09   5.18391e-08   -8.85928e-08   1.96385e-07   6.6799e-08   -1.8996e-07   -1.26545e-08   2.51044e-07   3.21891e-08   -3.42791e-07   2.33495e-07   -2.2826e-07   -9.20621e-08   3.06353e-08   1.10809e-08   -2.11226e-07   -3.21241e-08   2.93865e-07   -1.43868e-07   3.2368e-08   2.17496e-08   1.61195e-07
3.15   2.24149e-09   -2.52244e-08   1.47431e-09   2.92754e-08   -5.79406e-08   6.6799e-08   8.23647e-08   -7.33254e-08   -1.2527e-08   8.23594e-08   -1.72932e-08   -8.11156e-08   6.65426e-08   -7.2851e-08   -3.78233e-08   -7.28894e-09   1.01822e-08   -5.67522e-08   1.5824e-08   5.14404e-08   -8.98583e-09   6.48518e-09   -4.34524e-08   7.93209e-08
3.15   -9.9158e-10   3.4924e-08   7.89326e-10   -4.39526e-08   9.1609e-08   -1.8996e-07   -7.33254e-08   1.92846e-07   1.42065e-08   -2.41215e-07   -2.3849e-08   3.15521e-07   -2.21986e-07   2.18816e-07   8.68444e-08   -2.55834e-08   -1.34241e-08   2.05415e-07   2.51279e-08   -2.7254e-07   1.29711e-07   -2.97899e-08   -1.1856e-08   -1.66849e-07
3.15   -7.17807e-10   -3.46555e-09   -2.5775e-09   5.44238e-09   9.72744e-09   -1.26545e-08   -1.2527e-08   1.42065e-08   4.8748e-09   -9.50411e-09   1.00929e-08   1.44865e-08   -1.18806e-08   1.30005e-08   5.73899e-09   7.83648e-10   -4.1238e-09   1.29567e-08   -7.25914e-09   -2.01992e-08   2.1628e-09   -3.65219e-10   6.94575e-09   -1.51386e-08
3.15   5.67746e-09   -8.22541e-08   -1.70561e-08   1.1397e-07   -1.16278e-07   2.51044e-07   8.23594e-08   -2.41215e-07   -9.50411e-09   3.4707e-07   6.78456e-08   -4.9366e-07   3.17509e-07   -3.04809e-07   -1.30062e-07   4.71372e-08   4.53528e-09   -2.63913e-07   -5.58141e-08   3.8334e-07   -1.99742e-07   5.38187e-08   4.26865e-08   1.97601e-07
3.15   9.71939e-10   -3.2981e-08   -1.4534e-08   5.16147e-08   -2.97277e-09   3.21891e-08   -1.72932e-08   -2.3849e-08   1.00929e-08   6.78456e-08   4.89076e-08   -1.185e-07   5.91413e-08   -4.97512e-08   -2.20344e-08   1.83261e-08   -1.11092e-08   -3.44429e-08   -3.33686e-08   6.54277e-08   -5.58412e-08   1.77563e-08   3.96468e-08   4.483e-09
3.15   -1.90297e-08   1.37284e-07   5.01989e-08   -2.21566e-07   1.53175e-07   -3.42791e-07   -8.11156e-08   3.15521e-07   1.44865e-08   -4.9366e-07   -1.185e-07   8.67189e-07   -4.87674e-07   4.49332e-07   2.06441e-07   -9.29517e-08   3.6333e-09   3.54999e-07   7.39018e-08   -6.48468e-07   3.32105e-07   -1.06611e-07   -1.1897e-07   -2.26308e-07
3.15   7.04122e-09   -6.90832e-08   -1.76685e-08   1.02201e-07   -1.04764e-07   2.33495e-07   6.65426e-08   -2.21986e-07   -1.18806e-08   3.17509e-07   5.91413e-08   -4.87674e-07   3.02643e-07   -2.87411e-07   -1.23296e-07   4.92839e-08   5.5414e-09   -2.47946e-07   -4.64777e-08   3.89522e-07   -1.96309e-07   5.38721e-08   5.15576e-08   1.76437e-07
3.15   -5.53793e-09   6.1738e-08   1.3062e-08   -8.84602e-08   1.04542e-07   -2.2826e-07   -7.2851e-08   2.18816e-07   1.30005e-08   -3.04809e-07   -4.97512e-08   4.49332e-07   -2.87411e-07   2.76071e-07   1.16775e-07   -4.33274e-08   -8.11684e-09   2.42586e-07   4.15625e-08   -3.6487e-07   1.81466e-07   -4.75352e-08   -3.90544e-08   -1.79411e-07
3.15   -4.8465e-09   3.78425e-08   1.04512e-08   -5.63136e-08   4.80661e-08   -9.20621e-08   -3.78233e-08   8.68444e-08   5.73899e-09   -1.30062e-07   -2.20344e-08   2.06441e-07   -1.23296e-07   1.16775e-07   5.52381e-08   -1.90135e-08   -1.32327e-09   9.23023e-08   1.47106e-08   -1.53139e-07   7.44823e-08   -2.44217e-08   -1.42224e-08   -7.07192e-08
3.15   2.05892e-09   -1.24474e-08   -6.51005e-09   2.16723e-08   -7.87805e-09   3.06353e-08   -7.28894e-09   -2.55834e-08   7.83648e-10   4.71372e-08   1.83261e-08   -9.29517e-08   4.92839e-08   -4.33274e-08   -1.90135e-08   1.43464e-08   -2.52737e-09   -3.49074e-08   -1.38791e-08   7.345e-08   -4.08423e-08   1.19349e-08   2.3904e-08   1.42642e-08
3.15   -1.00277e-09   8.91681e-09   4.22098e-09   -1.37358e-08   -7.03033e-09   1.10809e-08   1.01822e-08   -1.34241e-08   -4.1238e-09   4.53528e-09   -1.11092e-08   3.6333e-09   5.5414e-09   -8.11684e-09   -1.32327e-09   -2.52737e-09   5.13394e-09   -1.34087e-08   6.70116e-09   1.02277e-08   1.44222e-09   -2.88757e-09   -8.82883e-09   1.58683e-08
3.15   -6.96383e-11   2.87166e-08   4.443e-10   -3.69093e-08   8.76695e-08   -2.11226e-07   -5.67522e-08   2.05415e-07   1.29567e-08   -2.63913e-07   -3.44429e-08   3.54999e-07   -2.47946e-07   2.42586e-07   9.23023e-08   -3.49074e-08   -1.34087e-08   2.34905e-07   3.81972e-08   -3.21867e-07   1.59047e-07   -3.15484e-08   -3.13879e-08   -1.73267e-07
3.15   1.32208e-10   1.78053e-08   4.60308e-09   -2.25553e-08   2.09102e-09   -3.21241e-08   1.5824e-08   2.51279e-08   -7.25914e-09   -5.58141e-08   -3.33686e-08   7.39018e-08   -4.64777e-08   4.15625e-08   1.47106e-08   -1.38791e-08   6.70116e-09   3.81972e-08   3.10252e-08   -5.36565e-08   4.3765e-08   -9.11202e-09   -2.8005e-08   -1.37418e-08
3.15   1.11064e-08   -6.16883e-08   -1.99988e-08   9.9616e-08   -1.17487e-07   2.93865e-07   5.14404e-08   -2.7254e-07   -2.01992e-08   3.8334e-07   6.54277e-08   -6.48468e-07   3.89522e-07   -3.6487e-07   -1.53139e-07   7.345e-08   1.02277e-08   -3.21867e-07   -5.36565e-08   5.56754e-07   -2.69581e-07   7.05709e-08   9.28608e-08   2.06279e-07
3.15   -4.04269e-09   4.02757e-08   1.47357e-08   -6.43783e-08   4.9036e-08   -1.43868e-07   -8.98583e-09   1.29711e-07   2.1628e-09   -1.99742e-07   -5.58412e-08   3.32105e-07   -1.96309e-07   1.81466e-07   7.44823e-08   -4.08423e-08   1.44222e-09   1.59047e-07   4.3765e-08   -2.69581e-07   1.46111e-07   -3.76338e-08   -6.22852e-08   -9.08889e-08
3.15   3.35989e-09   -2.21872e-08   -9.15137e-09   3.62894e-08   -1.59846e-08   3.2368e-08   6.48518e-09   -2.97899e-08   -3.65219e-10   5.38187e-08   1.77563e-08   -1.06611e-07   5.38721e-08   -4.75352e-08   -2.44217e-08   1.19349e-08   -2.88757e-09   -3.15484e-08   -9.11202e-09   7.05709e-08   -3.76338e-08   1.5426e-08   1.73319e-08   1.78191e-08
3.15   1.96173e-09   -1.10884e-08   -1.13294e-08   2.53287e-08   1.12142e-08   2.17496e-08   -4.34524e-08   -1.1856e-08   6.94575e-09   4.26865e-08   3.96468e-08   -1.1897e-07   5.15576e-08   -3.90544e-08   -1.42224e-08   2.3904e-08   -8.82883e-09   -3.13879e-08   -2.8005e-08   9.28608e-08   -6.22852e-08   1.73319e-08   5.72819e-08   -1.22119e-08
3.15   -2.82963e-10   -2.40768e-08   5.06524e-09   2.39483e-08   -8.48409e-08   1.61195e-07   7.93209e-08   -1.66849e-07   -1.51386e-08   1.97601e-07   4.483e-09   -2.26308e-07   1.76437e-07   -1.79411e-07   -7.07192e-08   1.42642e-08   1.58683e-08   -1.73267e-07   -1.37418e-08   2.06279e-07   -9.08889e-08   1.78191e-08   -1.22119e-08   1.56232e-07
5.15   2.53984e-09   -2.39267e-10   -2.49554e-09   -1.99238e-10   -4.34519e-11   5.73688e-11   -1.52999e-12   9.43867e-12   -1.44529e-09   1.31739e-10   9.52666e-10   7.97391e-11   8.1357e-12   -4.12583e-12   -2.31019e-11   -3.90279e-11   -1.02703e-09   1.30468e-10   1.40656e-09   3.49625e-11   3.99887e-11   -2.57372e-11   -2.35254e-11   -5.77807e-11
5.15   -2.39267e-10   6.73982e-09   -8.1622e-10   -6.3301e-09   6.21023e-11   -2.77926e-12   3.71083e-11   -2.18632e-11   1.45202e-10   -3.55488e-09   3.24481e-10   2.17818e-09   -9.56873e-12   -5.2327e-12   -8.05513e-11   -6.91679e-11   1.33559e-10   -2.62286e-09   3.08214e-10   3.21345e-09   -3.93777e-11   3.01246e-13   -1.36499e-10   -9.46979e-11
5.15   -2.49554e-09   -8.1622e-10   8.13478e-09   -2.55782e-09   2.89142e-11   2.26811e-11   -1.53862e-11   7.61161e-11   1.0156e-09   3.9531e-10   -4.8805e-09   1.12168e-09   -4.53719e-12   -8.91719e-12   2.22369e-11   1.15012e-11   1.39368e-09   4.17586e-10   -3.0291e-09   1.40858e-09   -2.74578e-11   -2.98019e-11   2.85354e-11   -2.42263e-11
5.15   -1.99238e-10   -6.3301e-09   -2.55782e-09   1.33245e-08   -1.22555e-11   -6.51006e-12   6.26719e-11   6.77373e-12   9.61877e-11   2.29112e-09   1.16515e-09   -7.19185e-09   2.85066e-12   2.60215e-11   5.9975e-11   5.25583e-11   6.23061e-11   3.32941e-09   1.49737e-09   -4.90947e-09   4.98947e-12   3.12892e-11   5.90299e-11   7.42234e-11
5.15   -4.34519e-11   6.21023e-11   2.89142e-11   -1.22555e-11   3.59401e-09   -3.93975e-10   -1.62868e-09   -7.46142e-10   5.88992e-12   1.82927e-11   -3.10353e-11   -1.24098e-11   -1.9437e-09   1.54871e-10   4.14015e-10   1.85322e-10   4.36236e-11   -4.56516e-11   -6.4852e-11   -9.37492e-11   -1.55523e-09   2.83666e-10   1.05761e-09   4.10161e-10
5.15   5.73688e-11   -2.77926e-12   2.26811e-11   -6.51006e-12   -3.93975e-10   9.2082e-09   -1.54142e-09   -4.31431e-09   1.68094e-11   2.39776e-11   -2.84112e-11   -3.96623e-11   1.58718e-10   -4.8268e-09   4.09562e-10   8.50705e-10   -5.69835e-11   -2.42971e-11   -2.12203e-10   -1.85231e-10   2.82034e-10   -3.70989e-09   8.88783e-10   2.4133e-09
5.15   -1.52999e-12   3.71083e-11   -1.53862e-11   6.26719e-11   -1.62868e-09   -1.54142e-09   1.34094e-08   -2.9598e-09   9.58418e-12   3.24733e-11   7.03026e-11   1.03323e-10   4.51517e-10   4.93263e-10   -7.58789e-09   9.73844e-10   -1.45576e-11   -8.43877e-11   5.37073e-12   -7.77705e-11   1.08397e-09   1.00047e-09   -5.46928e-09   2.00072e-09
5.15   9.43867e-12   -2.18632e-11   7.61161e-11   6.77373e-12   -7.46142e-10   -4.31431e-09   -2.9598e-09   1.92641e-08   1.85001e-11   6.06266e-11   1.27304e-10   1.0521e-10   2.28336e-10   9.69007e-10   1.00576e-09   -1.03665e-08   -2.95851e-11   2.75554e-11   4.36283e-13   2.73997e-11   4.58981e-10   2.56925e-09   2.06079e-09   -7.43822e-09
5.15   -1.44529e-09   1.45202e-10   1.0156e-09   9.61877e-11   5.88992e-12   1.68094e-11   9.58418e-12   1.85001e-11   4.00411e-09   -1.35356e-10   -6.87949e-10   -2.68473e-10   -1.15258e-13   3.58708e-12   -1.77835e-11   -1.99032e-11   -2.49448e-09   4.3879e-11   -4.31338e-10   5.23154e-11   -1.94661e-12   -1.59621e-11   -4.14478e-11   -5.75036e-11
5.15   1.31739e-10   -3.55488e-09   3.9531e-10   2.29112e-09   1.82927e-11   2.39776e-11   3.24733e-11   6.06266e-11   -1.35356e-10   1.05761e-08   -5.57931e-10   -1.95688e-09   2.49046e-12   -1.94483e-11   -5.41061e-11   -3.73236e-11   4.94024e-11   -6.42887e-09   9.29108e-12   -1.22912e-09   -1.89519e-11   -6.01884e-11   -1.34095e-10   -1.24306e-10
5.15   9.52666e-10   3.24481e-10   -4.8805e-09   1.16515e-09   -3.10353e-11   -2.84112e-11   7.03026e-11   1.27304e-10   -6.87949e-10   -5.57931e-10   1.60694e-08   -9.52317e-10   -6.77353e-12   -3.27024e-11   7.86434e-11   1.36561e-10   -3.55149e-10   1.09408e-10   -1.076e-08   1.52906e-10   3.76945e-12   -5.25441e-11   6.58906e-11   1.051e-10
5.15   7.97391e-11   2.17818e-09   1.12168e-09   -7.19185e-09   -1.24098e-11   -3.96623e-11   1.03323e-10   1.0521e-10   -2.68473e-10   -1.95688e-09   -9.52317e-10   2.31994e-08   -7.08998e-12   3.86929e-13   1.40887e-10   1.67227e-10   1.04727e-10   -1.06585e-09   1.81589e-10   -1.42961e-08   -9.97573e-12   1.08528e-11   1.32722e-10   1.6954e-10
5.15   8.1357e-12   -9.56873e-12   -4.53719e-12   2.85066e-12   -1.9437e-09   1.58718e-10   4.51517e-10   2.28336e-10   -1.15258e-13   2.49046e-12   -6.77353e-12   -7.08998e-12   4.27522e-09   -5.40556e-11   -2.17329e-10   -1.40324e-10   -6.71059e-12   -3.01325e-13   -2.01868e-11   -2.06862e-11   -2.28015e-09   -6.48875e-11   -3.19184e-10   -1.61977e-10
5.15   -4.12583e-12   -5.2327e-12   -8.91719e-12   2.60215e-11   1.54871e-10   -4.8268e-09   4.93263e-10   9.69007e-10   3.58708e-12   -1.94483e-11   -3.27024e-11   3.86929e-13   -5.40556e-11   1.13977e-08   -2.65667e-10   -7.6351e-10   -4.46917e-12   -5.25414e-11   -7.45301e-11   -5.90491e-11   -6.18598e-11   -6.03849e-09   -3.29024e-10   -1.00958e-09
5.15   -2.31019e-11   -8.05513e-11   2.22369e-11   5.9975e-11   4.14015e-10   4.09562e-10   -7.58789e-09   1.00576e-09   -1.77835e-11   -5.41061e-11   7.86434e-11   1.40887e-10   -2.17329e-10   -2.65667e-10   1.78326e-08   -2.73741e-10   1.74804e-12   -5.43465e-12   1.39613e-10   2.26934e-10   -2.9047e-10   -2.71331e-10   -9.83287e-09   -3.16125e-10
5.15   -3.90279e-11   -6.91679e-11   1.15012e-11   5.25583e-11   1.85322e-10   8.50705e-10   9.73844e-10   -1.03665e-08   -1.99032e-11   -3.73236e-11   1.36561e-10   1.67227e-10   -1.40324e-10   -7.6351e-10   -2.73741e-10   2.54943e-08   1.98145e-11   3.98845e-11   2.65765e-10   3.08087e-10   -1.29819e-10   -9.29236e-10   -2.99614e-10   -1.34368e-08
5.15   -1.02703e-09   1.33559e-10   1.39368e-09   6.23061e-11   4.36236e-11   -5.69835e-11   -1.45576e-11   -2.95851e-11   -2.49448e-09   4.94024e-11   -3.55149e-10   1.04727e-10   -6.71059e-12   -4.46917e-12   1.74804e-12   1.98145e-11   3.53224e-09   -1.44381e-10   -1.08729e-09   -2.09505e-10   -3.97604e-11   2.19979e-11   5.56539e-12   5.13203e-11
5.15   1.30468e-10   -2.62286e-09   4.17586e-10   3.32941e-09   -4.56516e-11   -2.42971e-11   -8.43877e-11   2.75554e-11   4.3879e-11   -6.42887e-09   1.09408e-10   -1.06585e-09   -3.01325e-13   -5.25414e-11   -5.43465e-12   3.98845e-11   -1.44381e-10   9.46488e-09   -5.45994e-10   -2.94445e-09   2.34033e-11   -6.6778e-11   4.79784e-11   6.0763e-11
5.15   1.40656e-09   3.08214e-10   -3.0291e-09   1.49737e-09   -6.4852e-11   -2.12203e-10   5.37073e-12   4.36283e-13   -4.31338e-10   9.29108e-12   -1.076e-08   1.81589e-10   -2.01868e-11   -7.45301e-11   1.39613e-10   2.65765e-10   -1.08729e-09   -5.45994e-10   1.42201e-08   -9.39379e-10   1.65927e-11   3.61441e-11   2.57962e-10   4.65849e-10
5.15   3.49625e-11   3.21345e-09   1.40858e-09   -4.90947e-09   -9.37492e-11   -1.85231e-10   -7.77705e-11   2.73997e-11   5.23154e-11   -1.22912e-09   1.52906e-10   -1.42961e-08   -2.06862e-11   -5.90491e-11   2.26934e-10   3.08087e-10   -2.09505e-10   -2.94445e-09   -9.39379e-10   2.10663e-08   4.29054e-11   6.00603e-11   4.53916e-10   5.39013e-10
5.15   3.99887e-11   -3.93777e-11   -2.74578e-11   4.98947e-12   -1.55523e-09   2.82034e-10   1.08397e-09   4.58981e-10   -1.94661e-12   -1.89519e-11   3.76945e-12   -9.97573e-12   -2.28015e-09   -6.18598e-11   -2.9047e-10   -1.29819e-10   -3.97604e-11   2.34033e-11   1.65927e-11   4.29054e-11   3.83123e-09   -1.88635e-10   -8.39305e-10   -3.52794e-10
5.15   -2.57372e-11   3.01246e-13   -2.98019e-11   3.12892e-11   2.83666e-10   -3.70989e-09   1.00047e-09   2.56925e-09   -1.59621e-11   -6.01884e-11   -5.25441e-11   1.08528e-11   -6.48875e-11   -6.03849e-09   -2.71331e-10   -9.29236e-10   2.19979e-11   -6.6778e-11   3.61441e-11   6.00603e-11   -1.88635e-10   1.01094e-08   -7.4291e-10   -2.29627e-09
5.15   -2.35254e-11   -1.36499e-10   2.85354e-11   5.90299e-11   1.05761e-09   8.88783e-10   -5.46928e-09   2.06079e-09   -4.14478e-11   -1.34095e-10   6.58906e-11   1.32722e-10   -3.19184e-10   -3.29024e-10   -9.83287e-09   -2.99614e-10   5.56539e-12   4.79784e-11   2.57962e-10   4.53916e-10   -8.39305e-10   -7.4291e-10   1.56199e-08   -1.11407e-09
5.15   -5.77807e-11   -9.46979e-11   -2.42263e-11   7.42234e-11   4.10161e-10   2.4133e-09   2.00072e-09   -7.43822e-09   -5.75036e-11   -1.24306e-10   1.051e-10   1.6954e-10   -1.61977e-10   -1.00958e-09   -3.16125e-10   -1.34368e-08   5.13203e-11   6.0763e-11   4.65849e-10   5.39013e-10   -3.52794e-10   -2.29627e-09   -1.11407e-09   2.25128e-08
7.34   4.12624e-09   -4.38527e-10   -4.4292e-09   -1.51064e-11   -3.43189e-10   1.28355e-10   2.77111e-11   1.3412e-10   -2.52121e-09   2.21313e-10   1.7902e-09   8.94598e-11   7.21344e-11   -3.63853e-11   -2.30882e-11   -4.06656e-11   -1.5085e-09   1.94247e-10   2.48462e-09   -4.64857e-11   2.5379e-10   -9.05874e-11   9.47068e-12   -9.75151e-11
7.34   -4.38527e-10   1.09396e-08   -9.95536e-10   -1.09609e-08   1.36854e-10   -3.80033e-10   1.82487e-10   1.01439e-11   2.45025e-10   -6.00445e-09   5.15239e-10   4.03129e-09   -5.26317e-11   -5.47701e-11   -6.43397e-11   1.04325e-10   2.16497e-10   -4.04539e-09   4.70105e-10   5.73255e-09   -1.16883e-10   1.55297e-10   -1.34399e-10   2.50807e-10
7.34   -4.4292e-09   -9.95536e-10   1.28283e-08   -4.12367e-09   2.43452e-10   1.2847e-10   -2.06807e-10   1.15108e-10   1.86641e-09   5.4357e-10   -7.82843e-09   1.69662e-09   -5.57832e-11   -2.77104e-11   9.30838e-11   -7.20709e-11   2.40658e-09   5.35411e-10   -4.58637e-09   2.12915e-09   -1.84496e-10   -8.26729e-11   1.86713e-10   -1.29034e-10
7.34   -1.51064e-11   -1.09609e-08   -4.12367e-09   2.13914e-08   6.84647e-11   2.34504e-10   1.10707e-10   -1.71255e-10   6.0801e-11   4.13423e-09   1.7451e-09   -1.15856e-08   1.20596e-11   1.17584e-10   -5.2857e-11   -7.5463e-11   -5.11082e-11   5.59152e-09   2.16201e-09   -7.93939e-09   -1.56368e-11   -1.05956e-12   -1.24861e-10   -1.21188e-10
7.34   -3.43189e-10   1.36854e-10   2.43452e-10   6.84647e-11   6.84399e-09   -8.91894e-10   -3.5389e-09   -1.41021e-09   -1.7203e-11   -1.01706e-11   -1.32991e-10   2.15806e-11   -3.87476e-09   3.08717e-10   1.04055e-09   4.32642e-10   3.22102e-10   -1.4072e-10   -9.91027e-12   -1.13534e-10   -2.81649e-09   5.90623e-10   2.38668e-09   8.84383e-10
7.34   1.28355e-10   -3.80033e-10   1.2847e-10   2.34504e-10   -8.91894e-10   1.58503e-08   -2.8668e-09   -8.22286e-09   -4.69532e-13   -1.69037e-10   1.57605e-11   9.36074e-11   3.2233e-10   -8.63259e-09   8.93311e-10   2.02581e-09   -1.61967e-10   1.59875e-10   -2.15978e-10   3.06027e-10   6.03798e-10   -6.13221e-09   1.85104e-09   4.98364e-09
7.34   2.77111e-11   1.82487e-10   -2.06807e-10   1.10707e-10   -3.5389e-09   -2.8668e-09   2.23514e-08   -5.3363e-09   -1.5131e-11   6.91878e-11   1.56154e-10   1.42235e-11   1.0312e-09   9.50408e-10   -1.27383e-08   1.59168e-09   -3.55245e-11   -1.97564e-10   2.93805e-10   -3.17273e-10   2.29155e-09   1.91544e-09   -8.81234e-09   3.39299e-09
7.34   1.3412e-10   1.01439e-11   1.15108e-10   -1.71255e-10   -1.41021e-09   -8.22286e-09   -5.3363e-09   3.1427e-08   7.66978e-11   1.87783e-10   3.99743e-11   3.93061e-12   4.69094e-10   1.99158e-09   1.6143e-09   -1.69219e-08   -1.1948e-10   1.63056e-10   -2.93069e-10   -3.55699e-11   9.07287e-10   4.73439e-09   3.38815e-09   -1.19106e-08
7.34   -2.52121e-09   2.45025e-10   1.86641e-09   6.0801e-11   -1.7203e-11   -4.69532e-13   -1.5131e-11   7.66978e-11   7.97299e-09   -3.90956e-10   -1.44541e-09   -5.38304e-10   -3.43285e-11   -3.44303e-11   2.2764e-12   9.04586e-12   -5.32842e-09   1.88817e-10   -4.86111e-10   4.13124e-10   2.83998e-11   -3.89608e-11   8.57063e-11   3.52414e-12
7.34   2.21313e-10   -6.00445e-09   5.4357e-10   4.13423e-09   -1.01706e-11   -1.69037e-10   6.91878e-11   1.87783e-10   -3.90956e-10   1.87604e-08   -1.07308e-09   -3.73106e-09   -2.71632e-11   -1.76976e-10   -3.2649e-11   1.62604e-10   2.09496e-10   -1.16995e-08   5.36415e-10   -1.5797e-09   -2.27559e-11   -6.11327e-11   -2.25744e-11   2.90697e-10
7.34   1.7902e-09   5.15239e-10   -7.82843e-09   1.7451e-09   -1.32991e-10   1.57605e-11   1.56154e-10   3.99743e-11   -1.44541e-09   -1.07308e-09   2.70088e-08   -2.08954e-09   2.13645e-11   -1.61693e-11   3.14487e-11   -2.89819e-11   -5.0428e-10   5.30392e-10   -1.85626e-08   3.31422e-10   8.83714e-11   6.6845e-12   -2.89827e-11   -7.21311e-12
7.34   8.94598e-11   4.03129e-09   1.69662e-09   -1.15856e-08   2.15806e-11   9.36074e-11   1.42235e-11   3.93061e-12   -5.38304e-10   -3.73106e-09   -2.08954e-09   3.78314e-08   2.16215e-11   1.55577e-10   -2.18063e-11   -8.25284e-11   3.98817e-10   -1.76607e-09   2.97174e-10   -2.37248e-08   3.09844e-11   1.30417e-10   -1.33827e-11   -2.01736e-10
7.34   7.21344e-11   -5.26317e-11   -5.57832e-11   1.20596e-11   -3.87476e-09   3.2233e-10   1.0312e-09   4.69094e-10   -3.43285e-11   -2.71632e-11   2.13645e-11   2.16215e-11   8.77496e-09   -1.55167e-10   -4.94844e-10   -2.60606e-10   -5.04353e-11   7.72009e-12   6.89436e-11   6.5364e-11   -4.79965e-09   -1.32987e-10   -6.20835e-10   -2.21963e-10
7.34   -3.63853e-11   -5.47701e-11   -2.77104e-11   1.17584e-10   3.08717e-10   -8.63259e-09   9.50408e-10   1.99158e-09   -3.44303e-11   -1.76976e-10   -1.61693e-11   1.55577e-10   -1.55167e-10   2.05645e-08   -4.66034e-10   -1.46034e-09   9.72886e-12   -1.31943e-10   7.65996e-11   2.54855e-10   -1.17223e-10   -1.09516e-08   -4.23146e-10   -1.71069e-09
7.34   -2.30882e-11   -6.43397e-11   9.30838e-11   -5.2857e-11   1.04055e-09   8.93311e-10   -1.27383e-08   1.6143e-09   2.2764e-12   -3.2649e-11   3.14487e-11   -2.18063e-11   -4.94844e-10   -4.66034e-10   3.01946e-08   -8.0068e-10   9.42875e-12   8.21129e-11   -4.60652e-11   1.24261e-10   -6.78525e-10   -4.15268e-10   -1.70042e-08   -7.98433e-10
7.34   -4.06656e-11   1.04325e-10   -7.20709e-11   -7.5463e-11   4.32642e-10   2.02581e-09   1.59168e-09   -1.69219e-08   9.04586e-12   1.62604e-10   -2.89819e-11   -8.25284e-11   -2.60606e-10   -1.46034e-09   -8.0068e-10   4.15905e-08   9.37365e-11   1.04308e-10   1.06293e-10   -1.98837e-10   -2.10934e-10   -1.9091e-09   -8.22433e-10   -2.24726e-08
7.34   -1.5085e-09   2.16497e-10   2.40658e-09   -5.11082e-11   3.22102e-10   -1.61967e-10   -3.55245e-11   -1.1948e-10   -5.32842e-09   2.09496e-10   -5.0428e-10   3.98817e-10   -5.04353e-11   9.72886e-12   9.42875e-12   9.37365e-11   6.89493e-09   -3.39156e-10   -2.08479e-09   -4.16021e-10   -2.60503e-10   6.00896e-11   -5.15763e-11   1.48764e-10
7.34   1.94247e-10   -4.04539e-09   5.35411e-10   5.59152e-09   -1.4072e-10   1.59875e-10   -1.97564e-10   1.63056e-10   1.88817e-10   -1.16995e-08   5.30392e-10   -1.76607e-09   7.72009e-12   -1.31943e-10   8.21129e-11   1.04308e-10   -3.39156e-10   1.67189e-08   -9.62085e-10   -5.39587e-09   6.12063e-11   -3.37811e-10   1.69309e-10   -2.55861e-11
7.34   2.48462e-09   4.70105e-10   -4.58637e-09   2.16201e-09   -9.91027e-12   -2.15978e-10   2.93805e-10   -2.93069e-10   -4.86111e-10   5.36415e-10   -1.85626e-08   2.97174e-10   6.89436e-11   7.65996e-11   -4.60652e-11   1.06293e-10   -2.08479e-09   -9.62085e-10   2.30848e-08   -2.41199e-09   -2.81208e-11   1.6366e-10   -4.75966e-10   1.97502e-10
7.34   -4.64857e-11   5.73255e-09   2.12915e-09   -7.93939e-09   -1.13534e-10   3.06027e-10   -3.17273e-10   -3.55699e-11   4.13124e-10   -1.5797e-09   3.31422e-10   -2.37248e-08   6.5364e-11   2.54855e-10   1.24261e-10   -1.98837e-10   -4.16021e-10   -5.39587e-09   -2.41199e-09   3.31e-08   1.15927e-10   -4.0068e-11   2.07192e-10   -6.70623e-10
7.34   2.5379e-10   -1.16883e-10   -1.84496e-10   -1.56368e-11   -2.81649e-09   6.03798e-10   2.29155e-09   9.07287e-10   2.83998e-11   -2.27559e-11   8.83714e-11   3.09844e-11   -4.79965e-09   -1.17223e-10   -6.78525e-10   -2.10934e-10   -2.60503e-10   6.12063e-11   -2.81208e-11   1.15927e-10   7.64e-09   -4.20394e-10   -1.81632e-09   -6.97179e-10
7.34   -9.05874e-11   1.55297e-10   -8.26729e-11   -1.05956e-12   5.90623e-10   -6.13221e-09   1.91544e-09   4.73439e-09   -3.89608e-11   -6.11327e-11   6.6845e-12   1.30417e-10   -1.32987e-10   -1.09516e-08   -4.15268e-10   -1.9091e-09   6.00896e-11   -3.37811e-10   1.6366e-10   -4.0068e-11   -4.20394e-10   1.79346e-08   -1.34293e-09   -4.36866e-09
7.34   9.47068e-12   -1.34399e-10   1.86713e-10   -1.24861e-10   2.38668e-09   1.85104e-09   -8.81234e-09   3.38815e-09   8.57063e-11   -2.25744e-11   -2.89827e-11   -1.33827e-11   -6.20835e-10   -4.23146e-10   -1.70042e-08   -8.22433e-10   -5.15763e-11   1.69309e-10   -4.75966e-10   2.07192e-10   -1.81632e-09   -1.34293e-09   2.55306e-08   -2.49134e-09
7.34   -9.75151e-11   2.50807e-10   -1.29034e-10   -1.21188e-10   8.84383e-10   4.98364e-09   3.39299e-09   -1.19106e-08   3.52414e-12   2.90697e-10   -7.21311e-12   -2.01736e-10   -2.21963e-10   -1.71069e-09   -7.98433e-10   -2.24726e-08   1.48764e-10   -2.55861e-11   1.97502e-10   -6.70623e-10   -6.97179e-10   -4.36866e-09   -2.49134e-09   3.54108e-08
9.385   6.09441e-09   -1.0633e-09   -6.02209e-09   3.31027e-10   -5.38038e-10   6.29778e-10   7.7901e-11   -4.11256e-10   -2.72111e-09   -3.34625e-11   2.42293e-11   1.48323e-09   3.95176e-11   3.63242e-10   -1.75853e-10   -8.10081e-10   -1.47005e-09   3.01861e-12   5.83649e-10   1.46147e-09   2.50898e-10   2.62436e-10   -2.98654e-10   -9.6413e-10
9.385   -1.0633e-09   1.45366e-08   -8.9382e-10   -1.36618e-08   9.65539e-10   -1.30885e-10   -3.24327e-10   -9.76702e-10   -5.45756e-10   -3.09237e-09   1.18008e-09   -4.22073e-10   9.03005e-10   3.25184e-11   -5.69895e-10   -1.3812e-09   -6.41887e-10   -1.37896e-09   1.18664e-09   1.18962e-09   8.98769e-10   1.00547e-10   -6.56827e-10   -1.54765e-09
9.385   -6.02209e-09   -8.9382e-10   1.83111e-08   -6.33369e-09   3.37792e-10   -2.64082e-10   -5.21124e-10   1.24344e-09   7.02701e-10   9.8705e-10   -4.96714e-09   -1.21968e-09   -2.97827e-10   -4.24975e-10   -2.30763e-10   1.14736e-09   1.33083e-09   1.05594e-09   -1.97309e-09   -6.99576e-10   -5.99072e-10   -5.14111e-10   -1.20673e-10   1.06388e-09
9.385   3.31027e-10   -1.36618e-08   -6.33369e-09   2.88767e-08   -7.40338e-10   -3.42695e-10   1.20585e-09   9.25093e-10   1.66594e-09   -7.3452e-10   -7.71102e-10   -6.24702e-09   -1.15445e-09   -5.51075e-10   7.82441e-10   1.19841e-09   1.79507e-09   7.23813e-10   -1.22337e-10   -2.9817e-09   -1.34741e-09   -6.88205e-10   5.55114e-10   1.26197e-09
9.385   -5.38038e-10   9.65539e-10   3.37792e-10   -7.40338e-10   1.08326e-08   -2.03723e-09   -5.28562e-09   -3.59739e-10   -7.29358e-11   9.18598e-10   -6.0722e-10   -1.3316e-09   -4.2362e-09   -6.68693e-10   -1.1636e-09   1.77731e-09   3.47632e-10   6.74862e-10   -8.33451e-10   -1.74986e-09   -2.92047e-09   -3.65003e-10   -2.56016e-11   2.23971e-09
9.385   6.29778e-10   -1.30885e-10   -2.64082e-10   -3.42695e-10   -2.03723e-09   2.19093e-08   -2.50644e-09   -1.0732e-08   1.30877e-09   -3.27072e-10   -3.16007e-10   -1.79838e-09   -9.78585e-10   -4.51477e-09   2.8737e-10   -2.62838e-09   1.24298e-09   -2.36165e-10   -5.96496e-10   -2.13124e-09   -8.28747e-10   -2.55411e-09   8.83971e-10   -2.46927e-10
9.385   7.7901e-11   -3.24327e-10   -5.21124e-10   1.20585e-09   -5.28562e-09   -2.50644e-09   3.15526e-08   -8.31149e-09   -6.7824e-10   -1.97788e-10   -3.79954e-10   2.03154e-09   -7.09754e-10   2.71688e-10   -6.84759e-09   -3.22246e-09   -1.03926e-09   -4.54689e-10   -2.79437e-10   1.79649e-09   5.30014e-10   8.46449e-10   -3.73534e-09   -1.99736e-09
9.385   -4.11256e-10   -9.76702e-10   1.24344e-09   9.25093e-10   -3.59739e-10   -1.0732e-08   -8.31149e-09   4.28457e-08   -1.27679e-09   -1.23115e-09   1.57944e-09   1.80031e-09   1.91282e-09   -2.89615e-09   -2.7805e-09   -1.01545e-08   -1.78457e-09   -1.35634e-09   1.1382e-09   1.91411e-09   2.41386e-09   -6.932e-10   -1.36634e-09   -6.34126e-09
9.385   -2.72111e-09   -5.45756e-10   7.02701e-10   1.66594e-09   -7.29358e-11   1.30877e-09   -6.7824e-10   -1.27679e-09   1.35184e-08   -2.06547e-09   -2.93587e-09   1.67572e-10   5.02692e-10   1.32487e-09   -6.61883e-10   -1.41869e-09   -4.6429e-09   -1.8139e-09   -2.04062e-09   6.41024e-10   9.81468e-10   1.34087e-09   -4.81196e-10   -1.41407e-09
9.385   -3.34625e-11   -3.09237e-09   9.8705e-10   -7.3452e-10   9.18598e-10   -3.27072e-10   -1.97788e-10   -1.23115e-09   -2.06547e-09   2.64209e-08   -2.27206e-09   -6.0179e-09   1.31279e-09   7.18102e-11   1.93624e-10   -1.09172e-09   -1.98311e-09   -4.86623e-09   -1.81132e-09   -4.11193e-09   1.48909e-09   4.74806e-10   4.31301e-10   -7.55271e-10
9.385   2.42293e-11   1.18008e-09   -4.96714e-09   -7.71102e-10   -6.0722e-10   -3.16007e-10   -3.79954e-10   1.57944e-09   -2.93587e-09   -2.27206e-09   3.90983e-08   -6.57704e-09   -6.27419e-10   1.93842e-10   3.9421e-10   2.50496e-09   -1.87202e-09   -1.82601e-09   -7.35288e-09   -5.69933e-09   -5.23991e-10   4.59095e-10   9.92692e-10   2.97713e-09
9.385   1.48323e-09   -4.22073e-10   -1.21968e-09   -6.24702e-09   -1.3316e-09   -1.79838e-09   2.03154e-09   1.80031e-09   1.67572e-10   -6.0179e-09   -6.57704e-09   5.12717e-08   -1.39422e-09   -1.11785e-09   2.55161e-09   3.24794e-09   7.09584e-10   -4.24698e-09   -5.50193e-09   -1.23214e-08   -1.40822e-09   -5.97794e-10   2.83549e-09   4.17175e-09
9.385   3.95176e-11   9.03005e-10   -2.97827e-10   -1.15445e-09   -4.2362e-09   -9.78585e-10   -7.09754e-10   1.91282e-09   5.02692e-10   1.31279e-09   -6.27419e-10   -1.39422e-09   1.46574e-08   -1.80874e-09   -1.73648e-09   7.40508e-10   1.07733e-09   1.50697e-09   -2.98358e-10   -1.18932e-09   -4.03011e-09   -1.92333e-09   -1.61025e-09   5.73976e-10
9.385   3.63242e-10   3.25184e-11   -4.24975e-10   -5.51075e-10   -6.68693e-10   -4.51477e-09   2.71688e-10   -2.89615e-09   1.32487e-09   7.18102e-11   1.93842e-10   -1.11785e-09   -1.80874e-09   2.79841e-08   -1.50531e-09   -3.86227e-09   1.71363e-09   6.74742e-10   7.44484e-10   -4.98028e-10   -2.07838e-09   -4.20208e-09   -1.80219e-09   -3.33206e-09
9.385   -1.75853e-10   -5.69895e-10   -2.30763e-10   7.82441e-10   -1.1636e-09   2.8737e-10   -6.84759e-09   -2.7805e-09   -6.61883e-10   1.93624e-10   3.9421e-10   2.55161e-09   -1.73648e-09   -1.50531e-09   4.15107e-08   -5.40108e-09   -4.11805e-10   7.85636e-10   1.38889e-09   3.59288e-09   -1.46695e-09   -1.81642e-09   -6.44554e-09   -5.73145e-09
9.385   -8.10081e-10   -1.3812e-09   1.14736e-09   1.19841e-09   1.77731e-09   -2.62838e-09   -3.22246e-09   -1.01545e-08   -1.41869e-09   -1.09172e-09   2.50496e-09   3.24794e-09   7.40508e-10   -3.86227e-09   -5.40108e-09   5.44039e-08   -1.24769e-09   -2.40459e-10   3.35019e-09   4.83505e-09   6.24497e-10   -3.48046e-09   -5.53322e-09   -1.11826e-08
9.385   -1.47005e-09   -6.41887e-10   1.33083e-09   1.79507e-09   3.47632e-10   1.24298e-09   -1.03926e-09   -1.78457e-09   -4.6429e-09   -1.98311e-09   -1.87202e-09   7.09584e-10   1.07733e-09   1.71363e-09   -4.11805e-10   -1.24769e-09   1.43691e-08   -2.39477e-09   -2.23061e-09   1.81202e-10   1.65577e-09   1.97117e-09   8.92726e-11   -8.77598e-10
9.385   3.01861e-12   -1.37896e-09   1.05594e-09   7.23813e-10   6.74862e-10   -2.36165e-10   -4.54689e-10   -1.35634e-09   -1.8139e-09   -4.86623e-09   -1.82601e-09   -4.24698e-09   1.50697e-09   6.74742e-10   7.85636e-10   -2.40459e-10   -2.39477e-09   2.76893e-08   -2.67619e-09   -4.58228e-09   1.92777e-09   1.35323e-09   1.47266e-09   6.02615e-10
