1.5   1.04976e-09   1.01865e-10   -1.24841e-09   1.1886e-11   2.25287e-10   -6.82265e-11   -2.49238e-10   1.50534e-10   -1.00742e-09   -1.45697e-10   6.28713e-10   -3.03535e-10   3.95406e-11   -1.56202e-11   -7.06739e-12   6.51061e-11   -9.15626e-11   8.28683e-11   7.03716e-10   2.14396e-10   -2.32724e-10   3.29392e-11   2.03293e-10   -1.36055e-10
1.5   1.01865e-10   2.36679e-09   8.20724e-11   -2.88058e-09   -9.22389e-11   2.13496e-10   1.15252e-10   -3.03158e-10   -1.24888e-10   -1.4607e-09   -3.34437e-10   9.61743e-10   -8.9513e-12   9.58594e-11   4.04278e-11   -6.06011e-11   3.53798e-11   -8.55654e-10   2.1051e-10   1.83898e-09   8.60152e-11   -1.84986e-10   -1.27158e-10   1.82248e-10
1.5   -1.24841e-09   8.20724e-11   2.28439e-09   3.61538e-10   -3.25169e-10   5.8519e-11   2.4168e-10   -3.02922e-10   8.50821e-10   -2.58186e-10   -2.00894e-09   -2.65769e-10   -4.30343e-11   4.43643e-11   2.85012e-11   -7.07726e-11   4.62083e-10   1.1373e-10   -3.97175e-10   -1.85538e-11   3.25943e-10   -2.49833e-11   -2.03375e-10   2.50095e-10
1.5   1.1886e-11   -2.88058e-09   3.61538e-10   4.62819e-09   1.18031e-10   -3.42961e-10   -2.82881e-10   3.16649e-10   -2.09345e-10   1.07146e-09   -3.29993e-10   -2.74912e-09   3.17366e-11   -1.08265e-10   -3.02026e-11   1.11604e-10   1.79496e-10   1.72931e-09   -1.81308e-11   -1.7615e-09   -1.25013e-10   2.83745e-10   2.64551e-10   -1.86639e-10
1.5   2.25287e-10   -9.22389e-11   -3.25169e-10   1.18031e-10   1.92482e-09   2.12889e-10   -1.80142e-09   9.88547e-11   1.22721e-10   -6.43063e-11   -9.55608e-11   7.37874e-11   -1.84003e-09   -2.52134e-10   3.75673e-10   -4.68972e-10   -2.90512e-10   7.58951e-11   3.19878e-10   -7.33978e-11   -1.27987e-10   8.55611e-11   1.47246e-09   2.75201e-10
1.5   -6.82265e-11   2.13496e-10   5.8519e-11   -3.42961e-10   2.12889e-10   4.33223e-09   3.13324e-10   -4.26102e-09   -8.47472e-11   9.7641e-11   -6.45267e-11   -2.70884e-10   -2.60596e-10   -3.09205e-09   -5.95704e-10   5.19763e-10   1.36084e-10   -1.12154e-10   2.51348e-11   3.10676e-10   5.88395e-11   -1.086e-09   2.33529e-10   3.45956e-09
1.5   -2.49238e-10   1.15252e-10   2.4168e-10   -2.82881e-10   -1.80142e-09   3.13324e-10   4.76697e-09   9.15182e-10   -2.99923e-10   -1.38028e-10   -2.62886e-10   -5.15183e-10   5.88156e-10   -5.90889e-10   -4.69172e-09   -7.44605e-10   4.91112e-10   1.61248e-10   8.49059e-11   5.5201e-10   1.26288e-09   1.91149e-10   -2.37433e-10   -7.20781e-11
1.5   1.50534e-10   -3.03158e-10   -3.02922e-10   3.16649e-10   9.88547e-11   -4.26102e-09   9.15182e-10   8.66643e-09   -3.10668e-11   -3.89791e-10   -3.71005e-10   -9.47144e-11   -4.24067e-10   6.37859e-10   -7.7636e-10   -6.23106e-09   -7.21508e-11   4.52771e-10   5.60741e-10   9.81828e-11   2.97574e-10   3.37923e-09   -1.22691e-10   -2.15175e-09
1.5   -1.00742e-09   -1.24888e-10   8.50821e-10   -2.09345e-10   1.22721e-10   -8.47472e-11   -2.99923e-10   -3.10668e-11   3.46723e-09   5.12762e-10   -2.36871e-09   7.60025e-10   9.33926e-12   -1.03016e-10   -1.42463e-10   -1.19339e-10   -2.38466e-09   -3.75962e-10   1.27104e-09   -5.12627e-10   -1.01574e-10   1.63924e-10   3.75106e-10   1.6826e-10
1.5   -1.45697e-10   -1.4607e-09   -2.58186e-10   1.07146e-09   -6.43063e-11   9.7641e-11   -1.38028e-10   -3.89791e-10   5.12762e-10   6.46926e-09   1.13297e-09   -4.53199e-09   -8.27988e-11   -3.13548e-11   -1.9819e-10   -2.64252e-10   -3.76985e-10   -4.41064e-09   -7.78574e-10   2.36693e-09   1.46901e-10   4.69183e-11   3.11229e-10   4.62544e-10
1.5   6.28713e-10   -3.34437e-10   -2.00894e-09   -3.29993e-10   -9.55608e-11   -6.45267e-11   -2.62886e-10   -3.71005e-10   -2.36871e-09   1.13297e-09   8.64906e-09   1.87236e-09   -1.2079e-10   -1.7579e-10   -2.82951e-10   -3.9011e-10   1.64286e-09   -8.55237e-10   -6.67951e-09   -1.32157e-09   2.17062e-10   2.95248e-10   5.05581e-10   6.33625e-10
1.5   -3.03535e-10   9.61743e-10   -2.65769e-10   -2.74912e-09   7.37874e-11   -2.70884e-10   -5.15183e-10   -9.47144e-11   7.60025e-10   -4.53199e-09   1.87236e-09   1.2943e-08   -8.54437e-11   -2.46587e-10   -3.72903e-10   -2.63372e-10   -4.9882e-10   2.69658e-09   -1.40125e-09   -9.20523e-09   4.57052e-11   4.44475e-10   7.84355e-10   4.21713e-10
1.5   3.95406e-11   -8.9513e-12   -4.30343e-11   3.17366e-11   -1.84003e-09   -2.60596e-10   5.88156e-10   -4.24067e-10   9.33926e-12   -8.27988e-11   -1.2079e-10   -8.54437e-11   5.1647e-09   6.87693e-10   -1.5064e-09   1.04607e-09   -3.17733e-11   7.32799e-11   1.25794e-10   6.93185e-11   -3.21901e-09   -4.19194e-10   6.84318e-10   -5.64038e-10
1.5   -1.56202e-11   9.58594e-11   4.43643e-11   -1.08265e-10   -2.52134e-10   -3.09205e-09   -5.90889e-10   6.37859e-10   -1.03016e-10   -3.13548e-11   -1.7579e-10   -2.46587e-10   6.87693e-10   1.00309e-08   1.50835e-09   -3.2129e-09   1.13081e-10   2.31452e-11   1.21764e-10   2.08347e-10   -4.41109e-10   -6.23393e-09   -8.10228e-10   1.42904e-09
1.5   -7.06739e-12   4.04278e-11   2.85012e-11   -3.02026e-11   3.75673e-10   -5.95704e-10   -4.69172e-09   -7.7636e-10   -1.42463e-10   -1.9819e-10   -2.82951e-10   -3.72903e-10   -1.5064e-09   1.50835e-09   1.43534e-08   2.3856e-09   1.474e-10   1.86553e-10   2.28805e-10   3.23286e-10   1.01082e-09   -9.39307e-10   -9.53581e-09   -1.4083e-09
1.5   6.51061e-11   -6.06011e-11   -7.07726e-11   1.11604e-10   -4.68972e-10   5.19763e-10   -7.44605e-10   -6.23106e-09   -1.19339e-10   -2.64252e-10   -3.9011e-10   -2.63372e-10   1.04607e-09   -3.2129e-09   2.3856e-09   2.06142e-08   7.44583e-11   2.57233e-10   3.89301e-10   2.16243e-10   -6.03606e-10   1.7297e-09   -1.43881e-09   -1.31056e-08
1.5   -9.15626e-11   3.53798e-11   4.62083e-10   1.79496e-10   -2.90512e-10   1.36084e-10   4.91112e-10   -7.21508e-11   -2.38466e-09   -3.76985e-10   1.64286e-09   -4.9882e-10   -3.17733e-11   1.13081e-10   1.474e-10   7.44583e-11   2.73662e-09   3.02717e-10   -2.38168e-09   3.37056e-10   2.68948e-10   -1.89857e-10   -5.33037e-10   -7.5407e-11
1.5   8.28683e-11   -8.55654e-10   1.1373e-10   1.72931e-09   7.58951e-11   -1.12154e-10   1.61248e-10   4.52771e-10   -3.75962e-10   -4.41064e-09   -8.55237e-10   2.69658e-09   7.32799e-11   2.31452e-11   1.86553e-10   2.57233e-10   3.02717e-10   6.65985e-09   6.62276e-10   -6.11149e-09   -1.49347e-10   -3.43147e-11   -3.21952e-10   -5.02947e-10
1.5   7.03716e-10   2.1051e-10   -3.97175e-10   -1.81308e-11   3.19878e-10   2.51348e-11   8.49059e-11   5.60741e-10   1.27104e-09   -7.78574e-10   -6.67951e-09   -1.40125e-09   1.25794e-10   1.21764e-10   2.28805e-10   3.89301e-10   -2.38168e-09   6.62276e-10   8.26859e-09   1.18138e-09   -4.18425e-10   -2.50116e-10   -3.21382e-10   -7.49936e-10
1.5   2.14396e-10   1.83898e-09   -1.85538e-11   -1.7615e-09   -7.33978e-11   3.10676e-10   5.5201e-10   9.81828e-11   -5.12627e-10   2.36693e-09   -1.32157e-09   -9.20523e-09   6.93185e-11   2.08347e-10   3.23286e-10   2.16243e-10   3.37056e-10   -6.11149e-09   1.18138e-09   1.43707e-08   -2.97969e-11   -4.43286e-10   -7.74451e-10   -3.84933e-10
1.5   -2.32724e-10   8.60152e-11   3.25943e-10   -1.25013e-10   -1.27987e-10   5.88395e-11   1.26288e-09   2.97574e-10   -1.01574e-10   1.46901e-10   2.17062e-10   4.57052e-11   -3.21901e-09   -4.41109e-10   1.01082e-09   -6.03606e-10   2.68948e-10   -1.49347e-10   -4.18425e-10   -2.97969e-11   3.57711e-09   3.37491e-10   -2.53858e-09   3.26902e-10
1.5   3.29392e-11   -1.84986e-10   -2.49833e-11   2.83745e-10   8.55611e-11   -1.086e-09   1.91149e-10   3.37923e-09   1.63924e-10   4.69183e-11   2.95248e-10   4.44475e-10   -4.19194e-10   -6.23393e-09   -9.39307e-10   1.7297e-09   -1.89857e-10   -3.43147e-11   -2.50116e-10   -4.43286e-10   3.37491e-10   8.60571e-09   6.70968e-10   -6.69328e-09
1.5   2.03293e-10   -1.27158e-10   -2.03375e-10   2.64551e-10   1.47246e-09   2.33529e-10   -2.37433e-10   -1.22691e-10   3.75106e-10   3.11229e-10   5.05581e-10   7.84355e-10   6.84318e-10   -8.10228e-10   -9.53581e-09   -1.43881e-09   -5.33037e-10   -3.21952e-10   -3.21382e-10   -7.74451e-10   -2.53858e-09   6.70968e-10   1.08758e-08   1.30514e-09
1.5   -1.36055e-10   1.82248e-10   2.50095e-10   -1.86639e-10   2.75201e-10   3.45956e-09   -7.20781e-11   -2.15175e-09   1.6826e-10   4.62544e-10   6.33625e-10   4.21713e-10   -5.64038e-10   1.42904e-09   -1.4083e-09   -1.31056e-08   -7.5407e-11   -5.02947e-10   -7.49936e-10   -3.84933e-10   3.26902e-10   -6.69328e-09   1.30514e-09   1.84485e-08
3.15   3.36665e-09   -1.15458e-09   -4.69993e-09   1.56644e-09   1.2492e-09   -9.95701e-10   -1.71893e-09   1.38666e-09   -9.92451e-09   2.82362e-09   1.38779e-08   -3.79865e-09   -3.77896e-09   2.85044e-09   5.20065e-09   -3.97313e-09   6.5486e-09   -1.66807e-09   -9.16796e-09   2.23107e-09   2.51693e-09   -1.84611e-09   -3.46406e-09   2.57442e-09
3.15   -1.15458e-09   2.74429e-08   1.56644e-09   -3.80389e-08   -9.95966e-10   1.02076e-08   1.38704e-09   -1.41142e-08   2.82359e-09   -8.08759e-08   -3.79859e-09   1.12135e-07   2.85118e-09   -3.08784e-08   -3.97419e-09   4.2697e-08   -1.66804e-09   5.33546e-08   2.23101e-09   -7.39914e-08   -1.84658e-09   2.0566e-08   2.5751e-09   -2.84378e-08
3.15   -4.69993e-09   1.56644e-09   6.83336e-09   -1.91014e-09   -1.71893e-09   1.38666e-09   2.29691e-09   -1.9889e-09   1.38779e-08   -3.79864e-09   -2.0364e-08   4.36397e-09   5.20065e-09   -3.97311e-09   -6.95527e-09   5.72679e-09   -9.16796e-09   2.23106e-09   1.35395e-08   -2.45386e-09   -3.46406e-09   2.57441e-09   4.63469e-09   -3.72033e-09
3.15   1.56644e-09   -3.80389e-08   -1.91014e-09   5.31033e-08   1.38703e-09   -1.41142e-08   -1.98943e-09   1.94214e-08   -3.79861e-09   1.12135e-07   4.3639e-09   -1.56804e-07   -3.97415e-09   4.26971e-08   5.72828e-09   -5.87601e-08   2.23102e-09   -7.39914e-08   -2.45378e-09   1.03587e-07   2.57507e-09   -2.84379e-08   -3.72129e-09   3.91391e-08
3.15   1.2492e-09   -9.95966e-10   -1.71893e-09   1.38703e-09   4.03583e-08   -6.96004e-09   -5.63961e-08   9.23115e-09   -3.89369e-09   2.94454e-09   5.36864e-09   -4.10167e-09   -1.07098e-07   1.63833e-08   1.49748e-07   -2.15444e-08   2.62202e-09   -1.9365e-09   -3.61995e-09   2.69774e-09   6.65213e-08   -9.39816e-09   -9.30538e-08   1.22818e-08
3.15   -9.95701e-10   1.02076e-08   1.38666e-09   -1.41142e-08   -6.96004e-09   3.28926e-07   9.23109e-09   -4.56005e-07   2.9434e-09   -3.18053e-08   -4.10006e-09   4.39927e-08   1.63832e-08   -8.72776e-07   -2.1544e-08   1.21009e-06   -1.93562e-09   2.1413e-08   2.69649e-09   -2.96247e-08   -9.398e-09   5.4206e-07   1.22814e-08   -7.51616e-07
3.15   -1.71893e-09   1.38704e-09   2.29691e-09   -1.98943e-09   -5.63961e-08   9.23109e-09   8.24397e-08   -9.49369e-09   5.36863e-09   -4.10173e-09   -7.26286e-09   5.89087e-09   1.49748e-07   -2.15443e-08   -2.19634e-07   2.05818e-08   -3.61994e-09   2.69778e-09   4.93551e-09   -3.87654e-09   -9.30538e-08   1.22817e-08   1.36818e-07   -1.10714e-08
3.15   1.38666e-09   -1.41142e-08   -1.9889e-09   1.94214e-08   9.23115e-09   -4.56005e-07   -9.49369e-09   6.37214e-07   -4.1001e-09   4.39926e-08   5.88856e-09   -6.06572e-08   -2.15442e-08   1.21009e-06   2.05815e-08   -1.69199e-06   2.69652e-09   -2.96247e-08   -3.87474e-09   4.08995e-08   1.22815e-08   -7.51616e-07   -1.1071e-08   1.0514e-06
3.15   -9.92451e-09   2.82359e-09   1.38779e-08   -3.79861e-09   -3.89369e-09   2.9434e-09   5.36863e-09   -4.1001e-09   4.12532e-08   -3.69412e-09   -5.79749e-08   4.47343e-09   1.69075e-08   -1.02812e-08   -2.32978e-08   1.43759e-08   -3.14131e-08   9.06299e-10   4.42583e-08   -7.27121e-10   -1.29229e-08   7.29391e-09   1.78039e-08   -1.02141e-08
3.15   2.82362e-09   -8.08759e-08   -3.79864e-09   1.12135e-07   2.94454e-09   -3.18053e-08   -4.10173e-09   4.39926e-08   -3.69412e-09   3.35889e-07   4.47337e-09   -4.66112e-07   -1.02844e-08   1.38123e-07   1.43806e-08   -1.9103e-07   9.06263e-10   -2.55658e-07   -7.27014e-10   3.54931e-07   7.29599e-09   -1.05575e-07   -1.02171e-08   1.4601e-07
3.15   1.38779e-08   -3.79859e-09   -2.0364e-08   4.3639e-09   5.36864e-09   -4.10006e-09   -7.26286e-09   5.88856e-09   -5.79749e-08   4.47337e-09   8.74013e-08   -9.70758e-10   -2.32978e-08   1.43758e-08   3.14003e-08   -2.10879e-08   4.42583e-08   -7.27072e-10   -6.76238e-08   -3.29797e-09   1.78039e-08   -1.0214e-08   -2.39693e-08   1.51064e-08
3.15   -3.79865e-09   1.12135e-07   4.36397e-09   -1.56804e-07   -4.10167e-09   4.39927e-08   5.89087e-09   -6.06572e-08   4.47343e-09   -4.66112e-07   -9.70758e-10   6.55047e-07   1.43804e-08   -1.9103e-07   -2.10945e-08   2.63231e-07   -7.2707e-10   3.54931e-07   -3.29805e-09   -5.00066e-07   -1.0217e-08   1.46011e-07   1.51107e-08   -2.01159e-07
3.15   -3.77896e-09   2.85118e-09   5.20065e-09   -3.97415e-09   -1.07098e-07   1.63832e-08   1.49748e-07   -2.15442e-08   1.69075e-08   -1.02844e-08   -2.32978e-08   1.43804e-08   3.03945e-07   -3.24367e-08   -4.25617e-07   4.12365e-08   -1.30095e-08   7.38095e-09   1.79363e-08   -1.0332e-08   -1.96314e-07   1.60552e-08   2.75182e-07   -1.97085e-08
3.15   2.85044e-09   -3.08784e-08   -3.97311e-09   4.26971e-08   1.63833e-08   -8.72776e-07   -2.15443e-08   1.21009e-06   -1.02812e-08   1.38123e-07   1.43758e-08   -1.9103e-07   -3.24367e-08   2.47631e-06   4.1236e-08   -3.43424e-06   7.37844e-09   -1.06269e-07   -1.03284e-08   1.46989e-07   1.6055e-08   -1.59913e-06   -1.9708e-08   2.21812e-06
3.15   5.20065e-09   -3.97419e-09   -6.95527e-09   5.72828e-09   1.49748e-07   -2.1544e-08   -2.19634e-07   2.05815e-08   -2.32978e-08   1.43806e-08   3.14003e-08   -2.10945e-08   -4.25617e-07   4.1236e-08   6.29348e-07   -2.72058e-08   1.79363e-08   -1.03321e-08   -2.42545e-08   1.52482e-08   2.75182e-07   -1.97083e-08   -4.09178e-07   6.7609e-09
3.15   -3.97313e-09   4.2697e-08   5.72679e-09   -5.87601e-08   -2.15444e-08   1.21009e-06   2.05818e-08   -1.69199e-06   1.43759e-08   -1.9103e-07   -2.10879e-08   2.63231e-07   4.12365e-08   -3.43424e-06   -2.72058e-08   4.80899e-06   -1.03285e-08   1.46989e-07   1.5243e-08   -2.02654e-07   -1.97083e-08   2.21812e-06   6.76056e-09   -3.10924e-06
3.15   6.5486e-09   -1.66804e-09   -9.16796e-09   2.23102e-09   2.62202e-09   -1.93562e-09   -3.61994e-09   2.69652e-09   -3.14131e-08   9.06263e-10   4.42583e-08   -7.2707e-10   -1.30095e-08   7.37844e-09   1.79363e-08   -1.03285e-08   2.50978e-08   7.25541e-10   -3.54803e-08   -1.45187e-09   1.03102e-08   -5.40782e-09   -1.42098e-08   7.58269e-09
3.15   -1.66807e-09   5.33546e-08   2.23106e-09   -7.39914e-08   -1.9365e-09   2.1413e-08   2.69778e-09   -2.96247e-08   9.06299e-10   -2.55658e-07   -7.27072e-10   3.54931e-07   7.38095e-09   -1.06269e-07   -1.03321e-08   1.46989e-07   7.25541e-10   2.0414e-07   -1.45191e-09   -2.83575e-07   -5.40945e-09   8.42245e-08   7.58505e-09   -1.1649e-07
3.15   -9.16796e-09   2.23101e-09   1.35395e-08   -2.45378e-09   -3.61995e-09   2.69649e-09   4.93551e-09   -3.87474e-09   4.42583e-08   -7.27014e-10   -6.76238e-08   -3.29805e-09   1.79363e-08   -1.03284e-08   -2.42545e-08   1.5243e-08   -3.54803e-08   -1.45191e-09   5.51726e-08   5.66396e-09   -1.42099e-08   7.58262e-09   1.91757e-08   -1.12935e-08
3.15   2.23107e-09   -7.39914e-08   -2.45386e-09   1.03587e-07   2.69774e-09   -2.96247e-08   -3.87654e-09   4.08995e-08   -7.27121e-10   3.54931e-07   -3.29797e-09   -5.00066e-07   -1.0332e-08   1.46989e-07   1.52482e-08   -2.02654e-07   -1.45187e-09   -2.83575e-07   5.66396e-09   4.00885e-07   7.58495e-09   -1.1649e-07   -1.12969e-08   1.60551e-07
3.15   2.51693e-09   -1.84658e-09   -3.46406e-09   2.57507e-09   6.65213e-08   -9.398e-09   -9.30538e-08   1.22815e-08   -1.29229e-08   7.29599e-09   1.78039e-08   -1.0217e-08   -1.96314e-07   1.6055e-08   2.75182e-07   -1.97083e-08   1.03102e-08   -5.40945e-09   -1.42099e-08   7.58495e-09   1.29618e-07   -6.68331e-09   -1.81959e-07   7.47375e-09
3.15   -1.84611e-09   2.0566e-08   2.57441e-09   -2.84379e-08   -9.39816e-09   5.4206e-07   1.22817e-08   -7.51616e-07   7.29391e-09   -1.05575e-07   -1.0214e-08   1.46011e-07   1.60552e-08   -1.59913e-06   -1.97083e-08   2.21812e-06   -5.40782e-09   8.42245e-08   7.58262e-09   -1.1649e-07   -6.68331e-09   1.05557e-06   7.47358e-09   -1.46454e-06
3.15   -3.46406e-09   2.5751e-09   4.63469e-09   -3.72129e-09   -9.30538e-08   1.22814e-08   1.36818e-07   -1.1071e-08   1.78039e-08   -1.02171e-08   -2.39693e-08   1.51107e-08   2.75182e-07   -1.9708e-08   -4.09178e-07   6.76056e-09   -1.42098e-08   7.58505e-09   1.91757e-08   -1.12969e-08   -1.81959e-07   7.47358e-09   2.72715e-07   4.15887e-09
3.15   2.57442e-09   -2.84378e-08   -3.72033e-09   3.91391e-08   1.22818e-08   -7.51616e-07   -1.10714e-08   1.0514e-06   -1.02141e-08   1.4601e-07   1.51064e-08   -2.01159e-07   -1.97085e-08   2.21812e-06   6.7609e-09   -3.10924e-06   7.58269e-09   -1.1649e-07   -1.12935e-08   1.60551e-07   7.47375e-09   -1.46454e-06   4.15887e-09   2.05592e-06
5.15   3.55207e-09   -1.12721e-09   -4.98875e-09   1.50077e-09   -1.36565e-09   1.1454e-09   1.85924e-09   -1.62752e-09   -1.10922e-08   1.77273e-09   1.56401e-08   -2.208e-09   4.52821e-09   -2.55567e-09   -6.16287e-09   3.68074e-09   7.52045e-09   -6.56511e-10   -1.06241e-08   7.26073e-10   -3.14485e-09   1.40721e-09   4.28132e-09   -2.04631e-09
5.15   -1.12721e-09   2.89241e-08   1.50077e-09   -4.01336e-08   1.14539e-09   -1.11791e-08   -1.6275e-09   1.543e-08   1.77272e-09   -9.02612e-08   -2.20799e-09   1.25327e-07   -2.55564e-09   3.70696e-08   3.68069e-09   -5.11627e-08   -6.56505e-10   6.11763e-08   7.26063e-10   -8.49709e-08   1.40719e-09   -2.57437e-08   -2.04628e-09   3.55326e-08
5.15   -4.98875e-09   1.50077e-09   7.49579e-09   -1.59244e-09   1.85924e-09   -1.62752e-09   -2.32086e-09   2.59701e-09   1.56401e-08   -2.208e-09   -2.39948e-08   1.05116e-09   -6.16287e-09   3.68073e-09   7.67641e-09   -6.26574e-09   -1.06241e-08   7.26072e-10   1.64612e-08   4.85616e-10   4.28132e-09   -2.04631e-09   -5.34271e-09   3.63725e-09
5.15   1.50077e-09   -4.01336e-08   -1.59244e-09   5.63661e-08   -1.6275e-09   1.543e-08   2.59699e-09   -2.1007e-08   -2.20799e-09   1.25327e-07   1.05114e-09   -1.76712e-07   3.6807e-09   -5.11627e-08   -6.26568e-09   6.96321e-08   7.26065e-10   -8.49709e-08   4.85629e-10   1.20038e-07   -2.04628e-09   3.55326e-08   3.63721e-09   -4.83732e-08
5.15   -1.36565e-09   1.14539e-09   1.85924e-09   -1.6275e-09   4.57752e-08   -4.42723e-09   -6.43568e-08   5.30314e-09   4.98172e-09   -1.84662e-09   -6.84126e-09   2.63909e-09   -1.23832e-07   5.25101e-09   1.74383e-07   -4.7482e-09   -3.58527e-09   7.00596e-10   4.94927e-09   -9.9751e-10   7.77775e-08   -8.60655e-10   -1.0963e-07   -4.84689e-10
5.15   1.1454e-09   -1.11791e-08   -1.62752e-09   1.543e-08   -4.42723e-09   3.72675e-07   5.30314e-09   -5.17198e-07   -1.84665e-09   4.0721e-08   2.63912e-09   -5.62868e-08   5.25101e-09   -1.00788e-06   -4.74821e-09   1.39913e-06   7.00613e-10   -2.92806e-08   -9.97532e-10   4.05087e-08   -8.60658e-10   6.32939e-07   -4.84682e-10   -8.7878e-07
5.15   1.85924e-09   -1.6275e-09   -2.32086e-09   2.59699e-09   -6.43568e-08   5.30314e-09   9.72392e-08   -6.09273e-10   -6.84126e-09   2.63909e-09   9.02924e-09   -4.332e-09   1.74383e-07   -4.7482e-09   -2.65761e-07   -1.39966e-08   4.94927e-09   -9.97511e-10   -6.74375e-09   1.60782e-09   -1.0963e-07   -4.8469e-10   1.67892e-07   1.43518e-08
5.15   -1.62752e-09   1.543e-08   2.59701e-09   -2.1007e-08   5.30314e-09   -5.17198e-07   -6.09273e-10   7.27144e-07   2.63913e-09   -5.62868e-08   -4.33205e-09   7.72971e-08   -4.7482e-09   1.39913e-06   -1.39966e-08   -1.97029e-06   -9.97538e-10   4.05087e-08   1.60785e-09   -5.59201e-08   -4.84687e-10   -8.7878e-07   1.43518e-08   1.23867e-06
5.15   -1.10922e-08   1.77272e-09   1.56401e-08   -2.20799e-09   4.98172e-09   -1.84665e-09   -6.84126e-09   2.63913e-09   5.43382e-08   1.38999e-08   -7.73653e-08   -2.11731e-08   -2.60211e-08   -2.23916e-09   3.55201e-08   2.39096e-09   -4.32088e-08   -1.54642e-08   6.16871e-08   2.30533e-08   2.08823e-08   4.03043e-09   -2.84845e-08   -4.98129e-09
5.15   1.77273e-09   -9.02612e-08   -2.208e-09   1.25327e-07   -1.84662e-09   4.0721e-08   2.63909e-09   -5.62868e-08   1.38999e-08   4.41421e-07   -2.11731e-08   -6.13948e-07   -2.23925e-09   -2.12913e-07   2.39109e-09   2.94003e-07   -1.54642e-08   -3.50843e-07   2.30533e-08   4.88201e-07   4.03049e-09   1.70886e-07   -4.98138e-09   -2.35942e-07
5.15   1.56401e-08   -2.20799e-09   -2.39948e-08   1.05114e-09   -6.84126e-09   2.63912e-09   9.02924e-09   -4.33205e-09   -7.73653e-08   -2.11731e-08   1.24686e-07   4.50967e-08   3.55201e-08   2.39098e-09   -4.51202e-08   2.47216e-09   6.16871e-08   2.30533e-08   -1.00748e-07   -4.53731e-08   -2.84845e-08   -4.98131e-09   3.60093e-08   2.0198e-09
5.15   -2.208e-09   1.25327e-07   1.05116e-09   -1.76712e-07   2.63909e-09   -5.62868e-08   -4.332e-09   7.72971e-08   -2.11731e-08   -6.13948e-07   4.50967e-08   8.74124e-07   2.39109e-09   2.94003e-07   2.47199e-09   -4.0133e-07   2.30533e-08   4.88201e-07   -4.53731e-08   -6.96981e-07   -4.98138e-09   -2.35942e-07   2.01992e-09   3.21836e-07
5.15   4.52821e-09   -2.55564e-09   -6.16287e-09   3.6807e-09   -1.23832e-07   5.25101e-09   1.74383e-07   -4.7482e-09   -2.60211e-08   -2.23925e-09   3.55201e-08   2.39109e-09   3.68682e-07   3.06023e-08   -5.21241e-07   -5.19698e-08   2.12987e-08   4.73259e-09   -2.91441e-08   -6.05701e-09   -2.43998e-07   -3.54373e-08   3.45649e-07   5.60386e-08
5.15   -2.55567e-09   3.70696e-08   3.68073e-09   -5.11627e-08   5.25101e-09   -1.00788e-06   -4.7482e-09   1.39913e-06   -2.23916e-09   -2.12913e-07   2.39098e-09   2.94003e-07   3.06023e-08   2.99869e-06   -5.19698e-08   -4.1656e-06   4.73253e-09   1.74202e-07   -6.05694e-09   -2.40647e-07   -3.54373e-08   -1.98388e-06   5.60386e-08   2.75684e-06
5.15   -6.16287e-09   3.68069e-09   7.67641e-09   -6.26568e-09   1.74383e-07   -4.74821e-09   -2.65761e-07   -1.39966e-08   3.55201e-08   2.39109e-09   -4.51202e-08   2.47199e-09   -5.21241e-07   -5.19698e-08   8.10869e-07   1.5041e-07   -2.91441e-08   -6.05701e-09   3.76024e-08   4.35652e-09   3.45649e-07   5.60386e-08   -5.43197e-07   -1.34627e-07
5.15   3.68074e-09   -5.11627e-08   -6.26574e-09   6.96321e-08   -4.7482e-09   1.39913e-06   -1.39966e-08   -1.97029e-06   2.39096e-09   2.94003e-07   2.47216e-09   -4.0133e-07   -5.19698e-08   -4.1656e-06   1.5041e-07   5.88931e-06   -6.05692e-09   -2.40647e-07   4.35641e-09   3.29289e-07   5.60386e-08   2.75684e-06   -1.34627e-07   -3.90537e-06
5.15   7.52045e-09   -6.56505e-10   -1.06241e-08   7.26065e-10   -3.58527e-09   7.00613e-10   4.94927e-09   -9.97538e-10   -4.32088e-08   -1.54642e-08   6.16871e-08   2.30533e-08   2.12987e-08   4.73253e-09   -2.91441e-08   -6.05692e-09   3.58115e-08   1.59253e-08   -5.12727e-08   -2.34737e-08   -1.75755e-08   -5.3754e-09   2.40246e-08   6.99969e-09
5.15   -6.56511e-10   6.11763e-08   7.26072e-10   -8.49709e-08   7.00596e-10   -2.92806e-08   -9.97511e-10   4.05087e-08   -1.54642e-08   -3.50843e-07   2.30533e-08   4.88201e-07   4.73259e-09   1.74202e-07   -6.05701e-09   -2.40647e-07   1.59253e-08   2.90633e-07   -2.34737e-08   -4.04622e-07   -5.37544e-09   -1.43775e-07   6.99975e-09   1.98579e-07
5.15   -1.06241e-08   7.26063e-10   1.64612e-08   4.85629e-10   4.94927e-09   -9.97532e-10   -6.74375e-09   1.60785e-09   6.16871e-08   2.30533e-08   -1.00748e-07   -4.53731e-08   -2.91441e-08   -6.05694e-09   3.76024e-08   4.35641e-09   -5.12727e-08   -2.34737e-08   8.48971e-08   4.41773e-08   2.40246e-08   6.9997e-09   -3.07924e-08   -6.09373e-09
5.15   7.26073e-10   -8.49709e-08   4.85616e-10   1.20038e-07   -9.9751e-10   4.05087e-08   1.60782e-09   -5.59201e-08   2.30533e-08   4.88201e-07   -4.53731e-08   -6.96981e-07   -6.05701e-09   -2.40647e-07   4.35652e-09   3.29289e-07   -2.34737e-08   -4.04622e-07   4.41773e-08   5.79312e-07   6.99975e-09   1.98579e-07   -6.09381e-09   -2.71445e-07
5.15   -3.14485e-09   1.40719e-09   4.28132e-09   -2.04628e-09   7.77775e-08   -8.60658e-10   -1.0963e-07   -4.84687e-10   2.08823e-08   4.03049e-09   -2.84845e-08   -4.98138e-09   -2.43998e-07   -3.54373e-08   3.45649e-07   5.60386e-08   -1.75755e-08   -5.37544e-09   2.40246e-08   6.99975e-09   1.65789e-07   3.59221e-08   -2.3543e-07   -5.49496e-08
5.15   1.40721e-09   -2.57437e-08   -2.04631e-09   3.55326e-08   -8.60655e-10   6.32939e-07   -4.8469e-10   -8.7878e-07   4.03043e-09   1.70886e-07   -4.98131e-09   -2.35942e-07   -3.54373e-08   -1.98388e-06   5.60386e-08   2.75684e-06   -5.3754e-09   -1.43775e-07   6.9997e-09   1.98579e-07   3.59221e-08   1.34741e-06   -5.49496e-08   -1.87319e-06
5.15   4.28132e-09   -2.04628e-09   -5.34271e-09   3.63721e-09   -1.0963e-07   -4.84682e-10   1.67892e-07   1.43518e-08   -2.84845e-08   -4.98138e-09   3.60093e-08   2.01992e-09   3.45649e-07   5.60386e-08   -5.43197e-07   -1.34627e-07   2.40246e-08   6.99975e-09   -3.07924e-08   -6.09381e-09   -2.3543e-07   -5.49496e-08   3.74543e-07   1.18752e-07
5.15   -2.04631e-09   3.55326e-08   3.63725e-09   -4.83732e-08   -4.84689e-10   -8.7878e-07   1.43518e-08   1.23867e-06   -4.98129e-09   -2.35942e-07   2.0198e-09   3.21836e-07   5.60386e-08   2.75684e-06   -1.34627e-07   -3.90537e-06   6.99969e-09   1.98579e-07   -6.09373e-09   -2.71445e-07   -5.49496e-08   -1.87319e-06   1.18752e-07   2.66004e-06
7.34   1.56939e-09   -3.40412e-10   -2.23649e-09   4.29674e-10   -1.60214e-09   1.15402e-09   2.1829e-09   -1.67199e-09   -5.75007e-09   5.22939e-10   8.28839e-09   -6.02908e-10   5.70514e-09   -3.25627e-09   -7.81438e-09   4.86924e-09   4.17686e-09   -1.94333e-10   -6.08742e-09   2.42537e-10   -4.08477e-09   2.0999e-09   5.65209e-09   -3.24054e-09
7.34   -3.40412e-10   1.2747e-08   4.29673e-10   -1.77319e-08   1.15402e-09   -1.31133e-08   -1.67199e-09   1.8102e-08   5.22939e-10   -4.66096e-08   -6.02905e-10   6.4968e-08   -3.25627e-09   4.66547e-08   4.86924e-09   -6.44604e-08   -1.94332e-10   3.37906e-08   2.42535e-10   -4.71929e-08   2.0999e-09   -3.33467e-08   -3.24054e-09   4.61524e-08
7.34   -2.23649e-09   4.29673e-10   3.62061e-09   -2.56046e-10   2.1829e-09   -1.67199e-09   -2.73889e-09   2.92417e-09   8.28839e-09   -6.02906e-10   -1.41642e-08   -1.52339e-10   -7.81438e-09   4.86924e-09   1.01463e-08   -9.69691e-09   -6.08742e-09   2.42535e-10   1.09259e-08   -1.19883e-10   5.65209e-09   -3.24054e-09   -7.81016e-09   7.21257e-09
7.34   4.29674e-10   -1.77319e-08   -2.56046e-10   2.52693e-08   -1.67199e-09   1.8102e-08   2.92417e-09   -2.46638e-08   -6.02906e-10   6.4968e-08   -1.5234e-10   -9.36476e-08   4.86924e-09   -6.44604e-08   -9.69692e-09   8.8292e-08   2.42536e-10   -4.71929e-08   -1.19883e-10   6.87797e-08   -3.24054e-09   4.61524e-08   7.21258e-09   -6.3861e-08
7.34   -1.60214e-09   1.15402e-09   2.1829e-09   -1.67199e-09   2.02204e-08   -5.26813e-10   -2.88076e-08   9.82067e-11   5.52428e-09   -2.85973e-09   -7.70189e-09   4.35617e-09   -5.63909e-08   -2.83419e-09   8.06678e-08   5.67519e-09   -3.88398e-09   1.70201e-09   5.57138e-09   -2.77633e-09   3.60709e-08   3.30386e-09   -5.18135e-08   -5.56327e-09
7.34   1.15402e-09   -1.31133e-08   -1.67199e-09   1.8102e-08   -5.26813e-10   1.64243e-07   9.8206e-11   -2.28463e-07   -2.85972e-09   4.50405e-08   4.35615e-09   -6.2417e-08   -2.8342e-09   -4.57716e-07   5.6752e-09   6.3714e-07   1.702e-09   -3.15104e-08   -2.77632e-09   4.38837e-08   3.30387e-09   2.92568e-07   -5.56327e-09   -4.07552e-07
7.34   2.1829e-09   -1.67199e-09   -2.73889e-09   2.92417e-09   -2.88076e-08   9.8206e-11   4.65739e-08   5.01464e-09   -7.70189e-09   4.35617e-09   1.11158e-08   -9.27875e-09   8.06678e-08   5.67519e-09   -1.33024e-07   -2.21605e-08   5.57138e-09   -2.77633e-09   -9.30827e-09   7.27618e-09   -5.18135e-08   -5.56327e-09   8.71294e-08   1.57853e-08
7.34   -1.67199e-09   1.8102e-08   2.92417e-09   -2.46638e-08   9.82067e-11   -2.28463e-07   5.01464e-09   3.25487e-07   4.35614e-09   -6.2417e-08   -9.27872e-09   8.7021e-08   5.6752e-09   6.3714e-07   -2.21605e-08   -9.11437e-07   -2.77631e-09   4.38837e-08   7.27615e-09   -6.29491e-08   -5.56328e-09   -4.07552e-07   1.57853e-08   5.85422e-07
7.34   -5.75007e-09   5.22939e-10   8.28839e-09   -6.02906e-10   5.52428e-09   -2.85972e-09   -7.70189e-09   4.35614e-09   3.92658e-08   4.82748e-09   -5.75842e-08   -7.31127e-09   -3.67598e-08   1.04636e-08   5.10418e-08   -1.7968e-08   -3.35795e-08   -5.16119e-09   4.99678e-08   6.91932e-09   3.10739e-08   -7.65807e-09   -4.37533e-08   1.43486e-08
7.34   5.22939e-10   -4.66096e-08   -6.02906e-10   6.4968e-08   -2.85973e-09   4.50405e-08   4.35617e-09   -6.2417e-08   4.82748e-09   3.173e-07   -7.31128e-09   -4.4365e-07   1.04637e-08   -2.99918e-07   -1.79681e-08   4.15337e-07   -5.16119e-09   -2.70628e-07   6.91933e-09   3.79403e-07   -7.65811e-09   2.5292e-07   1.43486e-08   -3.51093e-07
7.34   8.28839e-09   -6.02905e-10   -1.41642e-08   -1.5234e-10   -7.70189e-09   4.35615e-09   1.11158e-08   -9.27872e-09   -5.75842e-08   -7.31128e-09   1.06127e-07   1.52594e-08   5.10418e-08   -1.7968e-08   -7.19775e-08   5.33222e-08   4.99678e-08   6.91933e-09   -9.76571e-08   -7.74674e-09   -4.37533e-08   1.43486e-08   6.66353e-08   -5.0465e-08
7.34   -6.02908e-10   6.4968e-08   -1.52339e-10   -9.36476e-08   4.35617e-09   -6.2417e-08   -9.27875e-09   8.7021e-08   -7.31127e-09   -4.4365e-07   1.52594e-08   6.50624e-07   -1.79681e-08   4.15337e-07   5.33223e-08   -5.76703e-07   6.91932e-09   3.79403e-07   -7.74673e-09   -5.64569e-07   1.43486e-08   -3.51093e-07   -5.04652e-08   4.94353e-07
7.34   5.70514e-09   -3.25627e-09   -7.81438e-09   4.86924e-09   -5.63909e-08   -2.8342e-09   8.06678e-08   5.6752e-09   -3.67598e-08   1.04637e-08   5.10418e-08   -1.79681e-08   1.90083e-07   3.08642e-08   -2.74308e-07   -4.88039e-08   3.08152e-08   -7.26067e-09   -4.37225e-08   1.39689e-08   -1.33397e-07   -2.76324e-08   1.93986e-07   4.1555e-08
7.34   -3.25627e-09   4.66547e-08   4.86924e-09   -6.44604e-08   -2.83419e-09   -4.57716e-07   5.67519e-09   6.3714e-07   1.04636e-08   -2.99918e-07   -1.7968e-08   4.15337e-07   3.08642e-08   1.54048e-06   -4.88039e-08   -2.14767e-06   -7.26062e-09   2.50481e-07   1.39688e-08   -3.4817e-07   -2.76324e-08   -1.0796e-06   4.1555e-08   1.5072e-06
7.34   -7.81438e-09   4.86924e-09   1.01463e-08   -9.69692e-09   8.06678e-08   5.6752e-09   -1.33024e-07   -2.21605e-08   5.10418e-08   -1.79681e-08   -7.19775e-08   5.33223e-08   -2.74308e-07   -4.88039e-08   4.71238e-07   1.17224e-07   -4.37225e-08   1.39689e-08   6.92649e-08   -5.13302e-08   1.93986e-07   4.1555e-08   -3.44852e-07   -8.45309e-08
7.34   4.86924e-09   -6.44604e-08   -9.69691e-09   8.8292e-08   5.67519e-09   6.3714e-07   -2.21605e-08   -9.11437e-07   -1.7968e-08   4.15337e-07   5.33222e-08   -5.76703e-07   -4.88039e-08   -2.14767e-06   1.17224e-07   3.09931e-06   1.39688e-08   -3.4817e-07   -5.133e-08   4.94006e-07   4.1555e-08   1.5072e-06   -8.45309e-08   -2.19178e-06
7.34   4.17686e-09   -1.94332e-10   -6.08742e-09   2.42536e-10   -3.88398e-09   1.702e-09   5.57138e-09   -2.77631e-09   -3.35795e-08   -5.16119e-09   4.99678e-08   6.91932e-09   3.08152e-08   -7.26062e-09   -4.37225e-08   1.39688e-08   2.96556e-08   5.12673e-09   -4.51014e-08   -5.811e-09   -2.68363e-08   5.66975e-09   3.89233e-08   -1.23297e-08
7.34   -1.94333e-10   3.37906e-08   2.42535e-10   -4.71929e-08   1.70201e-09   -3.15104e-08   -2.77633e-09   4.38837e-08   -5.16119e-09   -2.70628e-07   6.91933e-09   3.79403e-07   -7.26067e-09   2.50481e-07   1.39689e-08   -3.4817e-07   5.12673e-09   2.38031e-07   -5.81101e-09   -3.35068e-07   5.66978e-09   -2.17293e-07   -1.23297e-08   3.03214e-07
7.34   -6.08742e-09   2.42535e-10   1.09259e-08   -1.19883e-10   5.57138e-09   -2.77632e-09   -9.30827e-09   7.27615e-09   4.99678e-08   6.91933e-09   -9.76571e-08   -7.74673e-09   -4.37225e-08   1.39688e-08   6.92649e-08   -5.133e-08   -4.51014e-08   -5.81101e-09   9.55313e-08   -2.44534e-09   3.89233e-08   -1.23297e-08   -6.84007e-08   5.36552e-08
7.34   2.42537e-10   -4.71929e-08   -1.19883e-10   6.87797e-08   -2.77633e-09   4.38837e-08   7.27618e-09   -6.29491e-08   6.91932e-09   3.79403e-07   -7.74674e-09   -5.64569e-07   1.39689e-08   -3.4817e-07   -5.13302e-08   4.94006e-07   -5.811e-09   -3.35068e-07   -2.44534e-09   5.09585e-07   -1.23297e-08   3.03214e-07   5.36553e-08   -4.39781e-07
7.34   -4.08477e-09   2.0999e-09   5.65209e-09   -3.24054e-09   3.60709e-08   3.30387e-09   -5.18135e-08   -5.56328e-09   3.10739e-08   -7.65811e-09   -4.37533e-08   1.43486e-08   -1.33397e-07   -2.76324e-08   1.93986e-07   4.1555e-08   -2.68363e-08   5.66978e-09   3.89233e-08   -1.23297e-08   9.73194e-08   2.39338e-08   -1.43177e-07   -3.41729e-08
7.34   2.0999e-09   -3.33467e-08   -3.24054e-09   4.61524e-08   3.30386e-09   2.92568e-07   -5.56327e-09   -4.07552e-07   -7.65807e-09   2.5292e-07   1.43486e-08   -3.51093e-07   -2.76324e-08   -1.0796e-06   4.1555e-08   1.5072e-06   5.66975e-09   -2.17293e-07   -1.23297e-08   3.03214e-07   2.39338e-08   7.85966e-07   -3.41729e-08   -1.09958e-06
7.34   5.65209e-09   -3.24054e-09   -7.81016e-09   7.21258e-09   -5.18135e-08   -5.56327e-09   8.71294e-08   1.57853e-08   -4.37533e-08   1.43486e-08   6.66353e-08   -5.04652e-08   1.93986e-07   4.1555e-08   -3.44852e-07   -8.45309e-08   3.89233e-08   -1.23297e-08   -6.84007e-08   5.36553e-08   -1.43177e-07   -3.41729e-08   2.6738e-07   5.58408e-08
7.34   -3.24054e-09   4.61524e-08   7.21257e-09   -6.3861e-08   -5.56327e-09   -4.07552e-07   1.57853e-08   5.85422e-07   1.43486e-08   -3.51093e-07   -5.0465e-08   4.94353e-07   4.1555e-08   1.5072e-06   -8.45309e-08   -2.19178e-06   -1.23297e-08   3.03214e-07   5.36552e-08   -4.39781e-07   -3.41729e-08   -1.09958e-06   5.58408e-08   1.6177e-06
9.385   2.3504e-09   -5.71195e-10   -3.39776e-09   6.67963e-10   -2.66849e-09   2.37109e-09   3.55635e-09   -3.46556e-09   -9.58608e-09   1.29731e-09   1.39129e-08   -1.22893e-09   1.04356e-08   -6.91814e-09   -1.3919e-08   1.03101e-08   7.20313e-09   -7.47221e-10   -1.04633e-08   6.00878e-10   -7.71415e-09   4.50492e-09   1.0298e-08   -6.77586e-09
9.385   -5.71195e-10   1.90423e-08   6.67963e-10   -2.65563e-08   2.37109e-09   -2.19207e-08   -3.46555e-09   3.01504e-08   1.29731e-09   -7.76086e-08   -1.22893e-09   1.0831e-07   -6.91811e-09   8.57134e-08   1.03101e-08   -1.17908e-07   -7.47219e-10   5.83074e-08   6.00876e-10   -8.13854e-08   4.5049e-09   -6.33517e-08   -6.77583e-09   8.71594e-08
9.385   -3.39776e-09   6.67963e-10   5.88334e-09   7.64505e-11   3.55636e-09   -3.46555e-09   -3.80342e-09   6.29675e-09   1.39129e-08   -1.22893e-09   -2.4522e-08   -2.92486e-09   -1.3919e-08   1.03101e-08   1.49817e-08   -2.02689e-08   -1.04633e-08   6.00879e-10   1.8511e-08   2.70577e-09   1.0298e-08   -6.77585e-09   -1.11593e-08   1.3792e-08
9.385   6.67963e-10   -2.65563e-08   7.64505e-11   3.83901e-08   -3.46554e-09   3.01504e-08   6.29674e-09   -4.0182e-08   -1.22893e-09   1.0831e-07   -2.92486e-09   -1.57197e-07   1.03101e-08   -1.17908e-07   -2.02688e-08   1.57266e-07   6.00875e-10   -8.13854e-08   2.70577e-09   1.18221e-07   -6.77583e-09   8.71594e-08   1.3792e-08   -1.16353e-07
9.385   -2.66849e-09   2.37109e-09   3.55636e-09   -3.46554e-09   2.99551e-08   2.6686e-09   -4.33117e-08   -5.30408e-09   1.00214e-08   -3.28703e-09   -1.36493e-08   4.97394e-09   -8.5041e-08   -1.70691e-08   1.23354e-07   2.85992e-08   -7.48616e-09   8.06469e-10   1.02993e-08   -1.33198e-09   5.46648e-08   1.41828e-08   -7.94292e-08   -2.29582e-08
9.385   2.37109e-09   -2.19207e-08   -3.46555e-09   3.01504e-08   2.6686e-09   2.42681e-07   -5.30408e-09   -3.38452e-07   -3.28704e-09   8.20289e-08   4.97396e-09   -1.13229e-07   -1.70692e-08   -6.88563e-07   2.85992e-08   9.60848e-07   8.06477e-10   -6.11738e-08   -1.33199e-09   8.45836e-08   1.41828e-08   4.42476e-07   -2.29582e-08   -6.17639e-07
9.385   3.55635e-09   -3.46555e-09   -3.80342e-09   6.29674e-09   -4.33117e-08   -5.30408e-09   7.506e-08   2.04885e-08   -1.36493e-08   4.97396e-09   1.70865e-08   -1.03491e-08   1.23354e-07   2.85992e-08   -2.16856e-07   -8.01888e-08   1.02993e-08   -1.33199e-09   -1.37473e-08   3.60494e-09   -7.94292e-08   -2.29582e-08   1.40701e-07   5.8944e-08
9.385   -3.46556e-09   3.01504e-08   6.29675e-09   -4.0182e-08   -5.30408e-09   -3.38452e-07   2.04885e-08   4.89364e-07   4.97398e-09   -1.13229e-07   -1.03492e-08   1.54219e-07   2.85992e-08   9.60848e-07   -8.01889e-08   -1.39373e-06   -1.33201e-09   8.45836e-08   3.60495e-09   -1.16368e-07   -2.29582e-08   -6.17639e-07   5.8944e-08   8.97444e-07
9.385   -9.58608e-09   1.29731e-09   1.39129e-08   -1.22893e-09   1.00214e-08   -3.28704e-09   -1.36493e-08   4.97398e-09   7.77096e-08   1.67426e-09   -1.13378e-07   -7.7888e-09   -7.93768e-08   1.90064e-08   1.06524e-07   -3.13953e-08   -6.77796e-08   -2.74267e-09   9.89126e-08   8.56938e-09   6.87629e-08   -1.5434e-08   -9.21578e-08   2.59011e-08
9.385   1.29731e-09   -7.76086e-08   -1.22893e-09   1.0831e-07   -3.28703e-09   8.20289e-08   4.97396e-09   -1.13229e-07   1.67426e-09   6.28542e-07   -7.78879e-09   -8.78012e-07   1.90063e-08   -6.51314e-07   -3.13952e-08   8.9685e-07   -2.74268e-09   -5.48202e-07   8.56938e-09   7.65816e-07   -1.5434e-08   5.64345e-07   2.5901e-08   -7.76926e-07
9.385   1.39129e-08   -1.22893e-09   -2.4522e-08   -2.92486e-09   -1.36493e-08   4.97396e-09   1.70865e-08   -1.03492e-08   -1.13378e-07   -7.78879e-09   2.04443e-07   5.54454e-08   1.06524e-07   -3.13952e-08   -1.2017e-07   8.49945e-08   9.89126e-08   8.56937e-09   -1.78536e-07   -5.08263e-08   -9.21579e-08   2.5901e-08   1.02936e-07   -7.29027e-08
9.385   -1.22893e-09   1.0831e-07   -2.92486e-09   -1.57197e-07   4.97394e-09   -1.13229e-07   -1.03491e-08   1.54219e-07   -7.7888e-09   -8.78012e-07   5.54454e-08   1.28101e-06   -3.13951e-08   8.9685e-07   8.49944e-08   -1.20357e-06   8.56939e-09   7.65816e-07   -5.08263e-08   -1.11758e-06   2.59009e-08   -7.76926e-07   -7.29026e-08   1.04126e-06
9.385   1.04356e-08   -6.91811e-09   -1.3919e-08   1.03101e-08   -8.5041e-08   -1.70692e-08   1.23354e-07   2.85992e-08   -7.93768e-08   1.90063e-08   1.06524e-07   -3.13951e-08   3.13581e-07   8.8169e-08   -4.57625e-07   -1.43782e-07   6.91157e-08   -1.13974e-08   -9.30266e-08   1.9915e-08   -2.26577e-07   -6.99792e-08   3.31353e-07   1.13364e-07
9.385   -6.91814e-09   8.57134e-08   1.03101e-08   -1.17908e-07   -1.70691e-08   -6.88563e-07   2.85992e-08   9.60848e-07   1.90064e-08   -6.51314e-07   -3.13952e-08   8.9685e-07   8.8169e-08   2.53624e-06   -1.43782e-07   -3.54304e-06   -1.13975e-08   5.66845e-07   1.99151e-08   -7.80913e-07   -6.99792e-08   -1.83186e-06   1.13364e-07   2.56001e-06
9.385   -1.3919e-08   1.03101e-08   1.49817e-08   -2.02688e-08   1.23354e-07   2.85992e-08   -2.16856e-07   -8.01889e-08   1.06524e-07   -3.13952e-08   -1.2017e-07   8.49944e-08   -4.57625e-07   -1.43782e-07   8.26071e-07   3.76552e-07   -9.30265e-08   1.99151e-08   1.07244e-07   -6.13607e-08   3.31353e-07   1.13364e-07   -6.03534e-07   -2.91656e-07
9.385   1.03101e-08   -1.17908e-07   -2.02689e-08   1.57266e-07   2.85992e-08   9.60848e-07   -8.01888e-08   -1.39373e-06   -3.13953e-08   8.9685e-07   8.49945e-08   -1.20357e-06   -1.43782e-07   -3.54304e-06   3.76552e-07   5.17054e-06   1.99152e-08   -7.80913e-07   -6.13608e-08   1.05107e-06   1.13364e-07   2.56001e-06   -2.91656e-07   -3.74384e-06
9.385   7.20313e-09   -7.47219e-10   -1.04633e-08   6.00875e-10   -7.48616e-09   8.06477e-10   1.02993e-08   -1.33201e-09   -6.77796e-08   -2.74268e-09   9.89126e-08   8.56939e-09   6.91157e-08   -1.13975e-08   -9.30265e-08   1.99152e-08   6.0403e-08   3.29089e-09   -8.8168e-08   -8.77819e-09   -6.10973e-08   1.03589e-08   8.20838e-08   -1.81513e-08
9.385   -7.47221e-10   5.83074e-08   6.00879e-10   -8.13854e-08   8.06469e-10   -6.11738e-08   -1.33199e-09   8.45836e-08   -2.74267e-09   -5.48202e-07   8.56937e-09   7.65816e-07   -1.13974e-08   5.66845e-07   1.99151e-08   -7.80913e-07   3.29089e-09   4.8852e-07   -8.77819e-09   -6.82471e-07   1.03588e-08   -5.01233e-07   -1.81512e-08   6.90316e-07
