1.5   8.34598e-09   -1.13185e-09   -7.07365e-09   -6.3141e-10   4.60252e-10   -2.49511e-10   -2.59956e-10   -3.70513e-11   -5.89254e-09   3.08905e-10   2.12964e-09   4.73623e-10   -5.50007e-11   1.5289e-11   1.31086e-11   2.77356e-11   -2.36534e-09   6.91838e-10   4.78503e-09   3.21037e-10   -3.69612e-10   1.89643e-10   1.94023e-10   6.6646e-11
1.5   -1.13185e-09   2.21688e-08   -3.00786e-09   -1.79115e-08   -2.52489e-10   1.38739e-10   2.56823e-11   -2.06601e-10   3.93883e-10   -1.34841e-08   1.28938e-09   5.30064e-09   2.68411e-11   -1.56878e-11   8.35557e-12   -1.82956e-11   6.87011e-10   -7.70927e-09   1.75078e-09   1.12263e-08   2.06844e-10   -7.90868e-11   -8.93447e-12   1.57309e-10
1.5   -7.07365e-09   -3.00786e-09   2.94425e-08   -8.90213e-09   -4.71381e-10   2.33136e-10   -3.51972e-10   4.89317e-10   2.75218e-09   1.75385e-09   -1.88939e-08   3.54107e-09   5.0262e-11   7.96785e-12   3.31745e-11   9.63302e-12   4.13582e-09   1.46867e-09   -1.00496e-08   4.82642e-09   3.98028e-10   -2.45531e-10   3.25451e-10   -4.63186e-10
1.5   -6.3141e-10   -1.79115e-08   -8.90213e-09   4.54223e-08   1.35361e-10   -3.10352e-10   4.77224e-10   -5.25808e-10   8.59556e-10   6.03666e-09   3.75187e-09   -2.67803e-08   6.13408e-12   4.03178e-11   5.77539e-12   5.96725e-11   -1.05368e-10   1.04929e-08   4.75271e-09   -1.64571e-08   -1.42366e-10   2.69608e-10   -4.53898e-10   4.37449e-10
1.5   4.60252e-10   -2.52489e-10   -4.71381e-10   1.35361e-10   1.04483e-08   -1.4781e-09   -5.48176e-09   -1.40519e-09   -2.64948e-11   -1.97979e-11   4.14317e-11   -2.16809e-11   -6.93492e-09   2.05083e-10   8.88031e-10   3.59763e-10   -3.90143e-10   2.07459e-10   3.57284e-10   -2.30871e-11   -3.37112e-09   1.1392e-09   4.40355e-09   1.17036e-09
1.5   -2.49511e-10   1.38739e-10   2.33136e-10   -3.10352e-10   -1.4781e-09   2.70806e-08   -3.93414e-09   -1.33686e-08   -1.23264e-11   -7.09043e-11   -8.15911e-11   -1.1831e-10   2.65068e-10   -1.63366e-08   8.15611e-10   1.93706e-09   2.36794e-10   -1.16583e-11   -1.11568e-10   3.33436e-10   1.15918e-09   -9.60344e-09   3.09063e-09   9.9356e-09
1.5   -2.59956e-10   2.56823e-11   -3.51972e-10   4.77224e-10   -5.48176e-09   -3.93414e-09   4.0656e-08   -8.23893e-09   -5.19441e-11   3.30557e-11   -1.41208e-10   5.0726e-11   1.01791e-09   9.75758e-10   -2.52733e-08   1.63716e-09   3.0137e-10   -1.00144e-10   4.75079e-10   -4.41412e-10   4.2137e-09   3.07675e-09   -1.46234e-08   6.09359e-09
1.5   -3.70513e-11   -2.06601e-10   4.89317e-10   -5.25808e-10   -1.40519e-09   -1.33686e-08   -8.23893e-09   5.84586e-08   3.03267e-11   -9.51537e-11   2.35988e-11   -1.53111e-10   4.88843e-10   2.09579e-09   1.70554e-09   -3.47945e-08   -6.75809e-12   3.18049e-10   -4.646e-10   6.16411e-10   1.01667e-09   9.68938e-09   6.06549e-09   -2.09966e-08
1.5   -5.89254e-09   3.93883e-10   2.75218e-09   8.59556e-10   -2.64948e-11   -1.23264e-11   -5.19441e-11   3.03267e-11   1.43546e-08   -7.14501e-10   -2.13975e-09   -1.14133e-09   1.48349e-11   -8.25679e-12   2.04248e-12   -5.79256e-12   -8.28917e-09   2.7245e-10   -8.32824e-10   3.4174e-10   1.32081e-11   1.35835e-11   4.44916e-11   -1.42475e-11
1.5   3.08905e-10   -1.34841e-08   1.75385e-09   6.03666e-09   -1.97979e-11   -7.09043e-11   3.30557e-11   -9.51537e-11   -7.14501e-10   3.40669e-08   -2.11584e-09   -5.38787e-09   -7.07455e-12   4.37222e-12   -1.43791e-11   -1.05654e-12   3.65946e-10   -1.93984e-08   4.2479e-10   -2.1944e-09   2.41593e-11   6.56908e-11   -1.45707e-11   9.07618e-11
1.5   2.12964e-09   1.28938e-09   -1.88939e-08   3.75187e-09   4.14317e-11   -8.15911e-11   -1.41208e-10   2.35988e-11   -2.13975e-09   -2.11584e-09   5.15615e-08   -4.04875e-09   -8.65395e-12   -9.91624e-12   1.3863e-12   -6.121e-12   -2.43482e-10   8.47867e-10   -3.19499e-08   1.69238e-10   -2.67922e-11   7.20204e-11   1.24844e-10   7.92274e-12
1.5   4.73623e-10   5.30064e-09   3.54107e-09   -2.67803e-08   -2.16809e-11   -1.1831e-10   5.0726e-11   -1.53111e-10   -1.14133e-09   -5.38787e-09   -4.04875e-09   7.26805e-08   -5.06004e-12   -6.27466e-13   -1.37017e-11   -3.33153e-12   7.16753e-10   -1.5869e-09   2.90721e-10   -4.30998e-08   2.37533e-11   1.1422e-10   -3.17597e-11   1.51803e-10
1.5   -5.50007e-11   2.68411e-11   5.0262e-11   6.13408e-12   -6.93492e-09   2.65068e-10   1.01791e-09   4.88843e-10   1.48349e-11   -7.07455e-12   -8.65395e-12   -5.06004e-12   1.52282e-08   -1.84156e-10   -5.2069e-10   -2.71047e-10   3.73366e-11   -1.66526e-11   -3.72671e-11   -5.46331e-12   -8.12444e-09   -1.11607e-10   -7.22859e-10   -1.56673e-10
1.5   1.5289e-11   -1.56878e-11   7.96785e-12   4.03178e-11   2.05083e-10   -1.63366e-08   9.75758e-10   2.09579e-09   -8.25679e-12   4.37222e-12   -9.91624e-12   -6.27466e-13   -1.84156e-10   3.66383e-08   -5.02444e-10   -1.61104e-09   -6.37831e-12   6.8027e-12   1.03959e-14   -3.30024e-11   -5.63588e-11   -1.91264e-08   -3.75084e-10   -2.04322e-09
1.5   1.31086e-11   8.35557e-12   3.31745e-11   5.77539e-12   8.88031e-10   8.15611e-10   -2.52733e-08   1.70554e-09   2.04248e-12   -1.43791e-11   1.3863e-12   -1.37017e-11   -5.2069e-10   -5.02444e-10   5.65212e-08   -1.00321e-09   -1.45082e-11   5.18314e-12   -3.45742e-11   6.96875e-12   -5.96148e-10   -2.42601e-10   -3.06014e-08   -8.35847e-10
1.5   2.77356e-11   -1.82956e-11   9.63302e-12   5.96725e-11   3.59763e-10   1.93706e-09   1.63716e-09   -3.47945e-08   -5.79256e-12   -1.05654e-12   -6.121e-12   -3.33153e-12   -2.71047e-10   -1.61104e-09   -1.00321e-09   7.93757e-08   -2.00136e-11   1.11659e-11   -7.36458e-12   -4.48545e-11   -3.38983e-11   -1.91373e-09   -7.92455e-10   -4.19453e-08
1.5   -2.36534e-09   6.87011e-10   4.13582e-09   -1.05368e-10   -3.90143e-10   2.36794e-10   3.0137e-10   -6.75809e-12   -8.28917e-09   3.65946e-10   -2.43482e-10   7.16753e-10   3.73366e-11   -6.37831e-12   -1.45082e-11   -2.00136e-11   1.08263e-08   -9.82775e-10   -4.19528e-09   -6.47281e-10   3.1903e-10   -1.8245e-10   -2.3301e-10   -3.68536e-11
1.5   6.91838e-10   -7.70927e-09   1.46867e-09   1.04929e-08   2.07459e-10   -1.16583e-11   -1.00144e-10   3.18049e-10   2.7245e-10   -1.93984e-08   8.47867e-10   -1.5869e-09   -1.66526e-11   6.8027e-12   5.18314e-12   1.11659e-11   -9.82775e-10   2.83058e-08   -2.14605e-09   -1.06795e-08   -1.7318e-10   -2.96763e-11   6.80455e-11   -2.66192e-10
1.5   4.78503e-09   1.75078e-09   -1.00496e-08   4.75271e-09   3.57284e-10   -1.11568e-10   4.75079e-10   -4.646e-10   -8.32824e-10   4.2479e-10   -3.19499e-08   2.90721e-10   -3.72671e-11   1.03959e-14   -3.45742e-11   -7.36458e-12   -4.19528e-09   -2.14605e-09   4.24531e-08   -4.94689e-09   -3.07723e-10   1.38355e-10   -4.27881e-10   4.09685e-10
1.5   3.21037e-10   1.12263e-08   4.82642e-09   -1.64571e-08   -2.30871e-11   3.33436e-10   -4.41412e-10   6.16411e-10   3.4174e-10   -2.1944e-09   1.69238e-10   -4.30998e-08   -5.46331e-12   -3.30024e-11   6.96875e-12   -4.48545e-11   -6.47281e-10   -1.06795e-08   -4.94689e-09   6.19881e-08   3.71775e-11   -3.06108e-10   3.99199e-10   -5.28222e-10
1.5   -3.69612e-10   2.06844e-10   3.98028e-10   -1.42366e-10   -3.37112e-09   1.15918e-09   4.2137e-09   1.01667e-09   1.32081e-11   2.41593e-11   -2.67922e-11   2.37533e-11   -8.12444e-09   -5.63588e-11   -5.96148e-10   -3.38983e-11   3.1903e-10   -1.7318e-10   -3.07723e-10   3.71775e-11   1.16175e-08   -1.04546e-09   -3.88405e-09   -9.84811e-10
1.5   1.89643e-10   -7.90868e-11   -2.45531e-10   2.69608e-10   1.1392e-09   -9.60344e-09   3.07675e-09   9.68938e-09   1.35835e-11   6.56908e-11   7.20204e-11   1.1422e-10   -1.11607e-10   -1.91264e-08   -2.42601e-10   -1.91373e-09   -1.8245e-10   -2.96763e-11   1.38355e-10   -3.06108e-10   -1.04546e-09   2.97762e-08   -2.64284e-09   -9.42987e-09
1.5   1.94023e-10   -8.93447e-12   3.25451e-10   -4.53898e-10   4.40355e-09   3.09063e-09   -1.46234e-08   6.06549e-09   4.44916e-11   -1.45707e-11   1.24844e-10   -3.17597e-11   -7.22859e-10   -3.75084e-10   -3.06014e-08   -7.92455e-10   -2.3301e-10   6.80455e-11   -4.27881e-10   3.99199e-10   -3.88405e-09   -2.64284e-09   4.54892e-08   -5.1919e-09
1.5   6.6646e-11   1.57309e-10   -4.63186e-10   4.37449e-10   1.17036e-09   9.9356e-09   6.09359e-09   -2.09966e-08   -1.42475e-11   9.07618e-11   7.92274e-12   1.51803e-10   -1.56673e-10   -2.04322e-09   -8.35847e-10   -4.19453e-08   -3.68536e-11   -2.66192e-10   4.09685e-10   -5.28222e-10   -9.84811e-10   -9.42987e-09   -5.1919e-09   6.50616e-08
3.15   2.10253e-09   -2.30373e-10   -2.10429e-09   -8.58783e-11   7.13617e-11   -4.63885e-11   -4.86344e-11   3.7071e-11   -1.22184e-09   8.47586e-11   6.74207e-10   2.12603e-10   -2.61079e-13   -1.22954e-11   -8.84966e-11   1.09349e-10   -8.01436e-10   8.69576e-11   1.1066e-09   1.9147e-10   -3.62033e-11   1.2117e-11   -1.15087e-10   1.54175e-10
3.15   -2.30373e-10   5.38605e-09   -5.45352e-10   -5.146e-09   -4.81882e-11   1.13539e-10   5.65693e-11   -9.97846e-11   8.94417e-11   -2.94664e-09   4.96917e-10   1.60401e-09   -1.63431e-11   1.71423e-11   1.65536e-10   -1.93256e-10   7.33625e-11   -2.06196e-09   5.15962e-10   2.5789e-09   5.51567e-12   -4.15537e-11   2.32601e-10   -2.61559e-10
3.15   -2.10429e-09   -5.45352e-10   6.44007e-09   -2.02966e-09   -5.67665e-11   2.68554e-11   9.25408e-11   -6.72212e-11   8.16302e-10   3.70973e-10   -3.92954e-09   7.83986e-10   -1.76071e-12   1.72063e-11   9.70692e-11   -1.12395e-10   1.18625e-09   2.55925e-10   -2.09422e-09   8.26218e-10   2.11754e-11   5.08041e-12   8.50774e-11   -1.45655e-10
3.15   -8.58783e-11   -5.146e-09   -2.02966e-09   1.05451e-08   2.98535e-11   -9.24444e-11   -9.31336e-11   1.50003e-10   1.38504e-10   1.8322e-09   7.06134e-10   -5.7616e-09   2.27188e-11   -1.7393e-11   -1.74081e-10   2.1812e-10   2.97744e-11   2.83201e-09   7.46938e-10   -3.58479e-09   1.13445e-11   1.31225e-11   -2.32022e-10   2.41686e-10
3.15   7.13617e-11   -4.81882e-11   -5.67665e-11   2.98535e-11   2.87212e-09   -3.40048e-10   -1.57191e-09   -4.62595e-10   1.16487e-11   -1.45174e-11   -7.1938e-11   1.18244e-10   -1.60323e-09   8.33385e-11   2.69859e-10   2.80392e-10   -4.57492e-11   1.35106e-11   -1.37764e-10   1.6951e-10   -1.1698e-09   1.98734e-10   9.59374e-10   4.9828e-10
3.15   -4.63885e-11   1.13539e-10   2.68554e-11   -9.24444e-11   -3.40048e-10   7.15672e-09   -1.05466e-09   -3.89167e-09   -1.76182e-11   4.46518e-11   1.78521e-10   -1.52495e-10   8.39804e-11   -3.94372e-09   5.17711e-10   6.3422e-10   5.17512e-12   -6.8905e-11   2.47743e-10   -3.06464e-10   1.88286e-10   -2.77541e-09   9.82451e-10   2.25785e-09
3.15   -4.86344e-11   5.65693e-11   9.25408e-11   -9.31336e-11   -1.57191e-09   -1.05466e-09   1.0351e-08   -2.44294e-09   -6.1788e-12   3.95593e-11   2.06077e-10   -1.72704e-10   3.69346e-10   3.98846e-10   -6.00275e-09   4.83002e-10   -5.78139e-12   -1.3233e-11   1.65947e-10   -2.85472e-10   1.06922e-09   7.6144e-10   -3.66751e-09   1.29236e-09
3.15   3.7071e-11   -9.97846e-11   -6.72212e-11   1.50003e-10   -4.62595e-10   -3.89167e-09   -2.44294e-09   1.49139e-08   3.40435e-11   -9.21053e-12   -2.18304e-10   3.24678e-10   2.06409e-10   8.22951e-10   4.48191e-10   -8.24668e-09   1.00925e-11   -1.2039e-11   -3.52349e-10   3.05668e-10   3.51472e-10   2.52209e-09   1.25514e-09   -5.1704e-09
3.15   -1.22184e-09   8.94417e-11   8.16302e-10   1.38504e-10   1.16487e-11   -1.76182e-11   -6.1788e-12   3.40435e-11   3.32548e-09   -1.72344e-10   -6.64676e-10   -2.0088e-10   7.55482e-12   -4.63033e-12   -3.99993e-11   5.22488e-11   -2.04028e-09   5.62737e-11   -3.25768e-10   2.10887e-10   -3.77391e-12   -9.77744e-14   -7.17211e-11   5.76495e-11
3.15   8.47586e-11   -2.94664e-09   3.70973e-10   1.8322e-09   -1.45174e-11   4.46518e-11   3.95593e-11   -9.21053e-12   -1.72344e-10   8.47039e-09   -4.5438e-10   -1.70456e-09   -5.24718e-12   1.44058e-11   6.86144e-11   -7.04691e-11   5.72554e-11   -5.16522e-09   2.77539e-10   -7.55321e-10   -3.52589e-12   -2.51733e-11   7.26206e-11   -1.36158e-10
3.15   6.74207e-10   4.96917e-10   -3.92954e-09   7.06134e-10   -7.1938e-11   1.78521e-10   2.06077e-10   -2.18304e-10   -6.64676e-10   -4.5438e-10   1.33245e-08   -1.52611e-09   -3.80318e-11   5.56183e-11   3.77851e-10   -4.33319e-10   -1.99139e-10   1.73363e-10   -8.16427e-09   -4.88505e-10   -2.29713e-11   -4.1236e-11   4.53272e-10   -5.9842e-10
3.15   2.12603e-10   1.60401e-09   7.83986e-10   -5.7616e-09   1.18244e-10   -1.52495e-10   -1.72704e-10   3.24678e-10   -2.0088e-10   -1.70456e-09   -1.52611e-09   1.88193e-08   4.28744e-11   -5.71672e-11   -4.17441e-10   5.08109e-10   1.55541e-10   -5.2316e-10   -4.91353e-10   -1.09227e-08   -9.16265e-12   -9.12211e-12   -5.84871e-10   5.91907e-10
3.15   -2.61079e-13   -1.63431e-11   -1.76071e-12   2.27188e-11   -1.60323e-09   8.39804e-11   3.69346e-10   2.06409e-10   7.55482e-12   -5.24718e-12   -3.80318e-11   4.28744e-11   3.56432e-09   -6.80109e-11   -2.25738e-10   -5.60476e-11   5.2337e-12   2.91278e-12   -5.95852e-11   5.56569e-11   -1.90699e-09   -4.16526e-11   -2.96465e-10   -1.37214e-11
3.15   -1.22954e-11   1.71423e-11   1.72063e-11   -1.7393e-11   8.33385e-11   -3.94372e-09   3.98846e-10   8.22951e-10   -4.63033e-12   1.44058e-11   5.56183e-11   -5.71672e-11   -6.80109e-11   9.2337e-09   -1.42645e-10   -6.2838e-10   -1.43435e-12   -5.64143e-12   7.02626e-11   -9.65731e-11   -4.11795e-11   -4.96335e-09   -8.83053e-11   -7.56705e-10
3.15   -8.84966e-11   1.65536e-10   9.70692e-11   -1.74081e-10   2.69859e-10   5.17711e-10   -6.00275e-09   4.48191e-10   -3.99993e-11   6.86144e-11   3.77851e-10   -4.17441e-10   -2.25738e-10   -1.42645e-10   1.4893e-08   -8.13584e-10   -8.06359e-13   -4.78719e-11   5.29994e-10   -6.21034e-10   -2.27803e-10   -1.6339e-10   -7.71977e-09   -8.83948e-10
3.15   1.09349e-10   -1.93256e-10   -1.12395e-10   2.1812e-10   2.80392e-10   6.3422e-10   4.83002e-10   -8.24668e-09   5.22488e-11   -7.04691e-11   -4.33319e-10   5.08109e-10   -5.60476e-11   -6.2838e-10   -8.13584e-10   2.09293e-08   -8.51421e-12   4.33671e-11   -6.4028e-10   7.08047e-10   -5.51772e-11   -6.19173e-10   -8.9205e-10   -1.05824e-08
3.15   -8.01436e-10   7.33625e-11   1.18625e-09   2.97744e-11   -4.57492e-11   5.17512e-12   -5.78139e-12   1.00925e-11   -2.04028e-09   5.72554e-11   -1.99139e-10   1.55541e-10   5.2337e-12   -1.43435e-12   -8.06359e-13   -8.51421e-12   2.85659e-09   -1.37635e-10   -1.02449e-09   -1.7228e-10   3.69554e-11   -2.0222e-12   1.63085e-11   -1.09768e-11
3.15   8.69576e-11   -2.06196e-09   2.55925e-10   2.83201e-09   1.35106e-11   -6.8905e-11   -1.3233e-11   -1.2039e-11   5.62737e-11   -5.16522e-09   1.73363e-10   -5.2316e-10   2.91278e-12   -5.64143e-12   -4.78719e-11   4.33671e-11   -1.37635e-10   7.44624e-09   -5.07158e-10   -2.54637e-09   -1.0778e-12   4.91919e-11   -5.6296e-11   1.11583e-10
3.15   1.1066e-09   5.15962e-10   -2.09422e-09   7.46938e-10   -1.37764e-10   2.47743e-10   1.65947e-10   -3.52349e-10   -3.25768e-10   2.77539e-10   -8.16427e-09   -4.91353e-10   -5.95852e-11   7.02626e-11   5.29994e-10   -6.4028e-10   -1.02449e-09   -5.07158e-10   1.18331e-08   -2.04516e-09   6.40159e-12   -3.88804e-11   7.86543e-10   -8.08247e-10
3.15   1.9147e-10   2.5789e-09   8.26218e-10   -3.58479e-09   1.6951e-10   -3.06464e-10   -2.85472e-10   3.05668e-10   2.10887e-10   -7.55321e-10   -4.88505e-10   -1.09227e-08   5.56569e-11   -9.65731e-11   -6.21034e-10   7.08047e-10   -1.7228e-10   -2.54637e-09   -2.04516e-09   1.71442e-08   -5.17337e-12   8.77394e-11   -7.93134e-10   1.03153e-09
3.15   -3.62033e-11   5.51567e-12   2.11754e-11   1.13445e-11   -1.1698e-09   1.88286e-10   1.06922e-09   3.51472e-10   -3.77391e-12   -3.52589e-12   -2.29713e-11   -9.16265e-12   -1.90699e-09   -4.11795e-11   -2.27803e-10   -5.51772e-11   3.69554e-11   -1.0778e-12   6.40159e-12   -5.17337e-12   3.08084e-09   -1.55888e-10   -8.79944e-10   -2.69732e-10
3.15   1.2117e-11   -4.15537e-11   5.08041e-12   1.31225e-11   1.98734e-10   -2.77541e-09   7.6144e-10   2.52209e-09   -9.77744e-14   -2.51733e-11   -4.1236e-11   -9.12211e-12   -4.16526e-11   -4.96335e-09   -1.6339e-10   -6.19173e-10   -2.0222e-12   4.91919e-11   -3.88804e-11   8.77394e-11   -1.55888e-10   7.92817e-09   -6.26787e-10   -2.16826e-09
3.15   -1.15087e-10   2.32601e-10   8.50774e-11   -2.32022e-10   9.59374e-10   9.82451e-10   -3.66751e-09   1.25514e-09   -7.17211e-11   7.26206e-11   4.53272e-10   -5.84871e-10   -2.96465e-10   -8.83053e-11   -7.71977e-09   -8.9205e-10   1.63085e-11   -5.6296e-11   7.86543e-10   -7.93134e-10   -8.79944e-10   -6.26787e-10   1.27487e-08   -1.95566e-09
3.15   1.54175e-10   -2.61559e-10   -1.45655e-10   2.41686e-10   4.9828e-10   2.25785e-09   1.29236e-09   -5.1704e-09   5.76495e-11   -1.36158e-10   -5.9842e-10   5.91907e-10   -1.37214e-11   -7.56705e-10   -8.83948e-10   -1.05824e-08   -1.09768e-11   1.11583e-10   -8.08247e-10   1.03153e-09   -2.69732e-10   -2.16826e-09   -1.95566e-09   1.81154e-08
5.15   2.53511e-09   -2.39926e-10   -2.4936e-09   -1.96589e-10   -4.42677e-11   5.73179e-11   -1.28282e-12   9.8038e-12   -1.44382e-09   1.3181e-10   9.51879e-10   7.90795e-11   8.13173e-12   -4.19947e-12   -2.31752e-11   -3.89583e-11   -1.02399e-09   1.3076e-10   1.40584e-09   3.36438e-11   4.07228e-11   -2.57133e-11   -2.34006e-11   -5.78298e-11
5.15   -2.39926e-10   6.73026e-09   -8.13747e-10   -6.3263e-09   6.21331e-11   -3.12889e-12   3.78051e-11   -2.17097e-11   1.45387e-10   -3.55139e-09   3.23859e-10   2.17746e-09   -9.58458e-12   -5.35876e-12   -8.04532e-11   -6.91464e-11   1.3392e-10   -2.61783e-09   3.06799e-10   3.21201e-09   -3.94269e-11   6.77484e-13   -1.36905e-10   -9.43679e-11
5.15   -2.4936e-09   -8.13747e-10   8.12041e-09   -2.55857e-09   2.9934e-11   2.40923e-11   -1.49281e-11   7.82871e-11   1.01538e-09   3.9463e-10   -4.87408e-09   1.12141e-09   -4.61471e-12   -8.80329e-12   2.19932e-11   1.13207e-11   1.39218e-09   4.16232e-10   -3.02195e-09   1.40874e-09   -2.82955e-11   -3.11643e-11   2.79212e-11   -2.66665e-11
5.15   -1.96589e-10   -6.3263e-09   -2.55857e-09   1.33048e-08   -1.14993e-11   -5.46152e-12   6.47109e-11   8.33493e-12   9.54671e-11   2.29066e-09   1.16519e-09   -7.18357e-09   2.89449e-12   2.59486e-11   5.97708e-11   5.20758e-11   6.05764e-11   3.32725e-09   1.49756e-09   -4.90036e-09   4.24297e-12   3.04015e-11   5.68059e-11   7.25964e-11
5.15   -4.42677e-11   6.21331e-11   2.9934e-11   -1.14993e-11   3.58976e-09   -3.95392e-10   -1.63217e-09   -7.47201e-10   5.86645e-12   1.8834e-11   -3.088e-11   -1.13544e-11   -1.94276e-09   1.55098e-10   4.14681e-10   1.85491e-10   4.4367e-11   -4.63014e-11   -6.57803e-11   -9.52692e-11   -1.55211e-09   2.84698e-10   1.06059e-09   4.11314e-10
5.15   5.73179e-11   -3.12889e-12   2.40923e-11   -5.46152e-12   -3.95392e-10   9.19825e-09   -1.5457e-09   -4.32272e-09   1.75295e-11   2.49951e-11   -2.63371e-11   -3.78807e-11   1.59043e-10   -4.82436e-09   4.1045e-10   8.52498e-10   -5.76651e-11   -2.50499e-11   -2.15449e-10   -1.87753e-10   2.8308e-10   -3.70299e-09   8.92145e-10   2.42039e-09
5.15   -1.28282e-12   3.78051e-11   -1.49281e-11   6.47109e-11   -1.63217e-09   -1.5457e-09   1.3392e-08   -2.96944e-09   1.04047e-11   3.5209e-11   7.25059e-11   1.07443e-10   4.52292e-10   4.94187e-10   -7.58344e-09   9.75291e-10   -1.55376e-11   -8.76007e-11   2.39296e-12   -8.43154e-11   1.08673e-09   1.00405e-09   -5.45723e-09   2.00791e-09
5.15   9.8038e-12   -2.17097e-11   7.82871e-11   8.33493e-12   -7.47201e-10   -4.32272e-09   -2.96944e-09   1.92403e-08   1.99307e-11   6.30017e-11   1.31075e-10   1.08702e-10   2.28517e-10   9.70872e-10   1.00736e-09   -1.03606e-08   -3.12996e-11   2.52251e-11   -5.74212e-12   2.18069e-11   4.5998e-10   2.57621e-09   2.06804e-09   -7.4221e-09
5.15   -1.44382e-09   1.45387e-10   1.01538e-09   9.54671e-11   5.86645e-12   1.75295e-11   1.04047e-11   1.99307e-11   4.00243e-09   -1.36407e-10   -6.89824e-10   -2.70068e-10   -9.23146e-14   3.58106e-12   -1.78741e-11   -2.01115e-11   -2.49422e-09   4.48591e-11   -4.29495e-10   5.42065e-11   -1.92756e-12   -1.65612e-11   -4.23149e-11   -5.89951e-11
5.15   1.3181e-10   -3.55139e-09   3.9463e-10   2.29066e-09   1.8834e-11   2.49951e-11   3.5209e-11   6.30017e-11   -1.36407e-10   1.05705e-08   -5.61245e-10   -1.96196e-09   2.50896e-12   -1.93616e-11   -5.44049e-11   -3.75501e-11   5.04438e-11   -6.42652e-09   1.27429e-11   -1.2245e-09   -1.9446e-11   -6.10604e-11   -1.36815e-10   -1.27051e-10
5.15   9.51879e-10   3.23859e-10   -4.87408e-09   1.16519e-09   -3.088e-11   -2.63371e-11   7.25059e-11   1.31075e-10   -6.89824e-10   -5.61245e-10   1.60583e-08   -9.5917e-10   -6.68962e-12   -3.26503e-11   7.84257e-11   1.35961e-10   -3.52465e-10   1.13575e-10   -1.07561e-08   1.58495e-10   3.62457e-12   -5.42076e-11   6.3408e-11   1.00894e-10
5.15   7.90795e-11   2.17746e-09   1.12141e-09   -7.18357e-09   -1.13544e-11   -3.78807e-11   1.07443e-10   1.08702e-10   -2.70068e-10   -1.96196e-09   -9.5917e-10   2.31828e-08   -7.09104e-12   5.96808e-13   1.40301e-10   1.6654e-10   1.07085e-10   -1.05988e-09   1.87624e-10   -1.42892e-08   -1.08635e-11   9.4823e-12   1.28522e-10   1.65266e-10
5.15   8.13173e-12   -9.58458e-12   -4.61471e-12   2.89449e-12   -1.94276e-09   1.59043e-10   4.52292e-10   2.28517e-10   -9.23146e-14   2.50896e-12   -6.68962e-12   -7.09104e-12   4.27449e-09   -5.44704e-11   -2.18055e-10   -1.40839e-10   -6.72363e-12   -2.87562e-13   -2.02213e-11   -2.07762e-11   -2.28035e-09   -6.47711e-11   -3.19281e-10   -1.6173e-10
5.15   -4.19947e-12   -5.35876e-12   -8.80329e-12   2.59486e-11   1.55098e-10   -4.82436e-09   4.94187e-10   9.70872e-10   3.58106e-12   -1.93616e-11   -3.26503e-11   5.96808e-13   -5.44704e-11   1.13953e-08   -2.66921e-10   -7.65358e-10   -4.38933e-12   -5.24817e-11   -7.47045e-11   -5.92293e-11   -6.16692e-11   -6.03841e-09   -3.28755e-10   -1.00968e-09
5.15   -2.31752e-11   -8.04532e-11   2.19932e-11   5.97708e-11   4.14681e-10   4.1045e-10   -7.58344e-09   1.00736e-09   -1.78741e-11   -5.44049e-11   7.84257e-11   1.40301e-10   -2.18055e-10   -2.66921e-10   1.7828e-08   -2.7613e-10   1.94209e-12   -5.08204e-12   1.39879e-10   2.27312e-10   -2.90379e-10   -2.70862e-10   -9.83289e-09   -3.15731e-10
5.15   -3.89583e-11   -6.91464e-11   1.13207e-11   5.20758e-11   1.85491e-10   8.52498e-10   9.75291e-10   -1.03606e-08   -2.01115e-11   -3.75501e-11   1.35961e-10   1.6654e-10   -1.40839e-10   -7.65358e-10   -2.7613e-10   2.54874e-08   2.00107e-11   4.03173e-11   2.66221e-10   3.08624e-10   -1.29425e-10   -9.29017e-10   -2.99056e-10   -1.34364e-08
5.15   -1.02399e-09   1.3392e-10   1.39218e-09   6.05764e-11   4.4367e-11   -5.76651e-11   -1.55376e-11   -3.12996e-11   -2.49422e-09   5.04438e-11   -3.52465e-10   1.07085e-10   -6.72363e-12   -4.38933e-12   1.94209e-12   2.00107e-11   3.5291e-09   -1.45663e-10   -1.08856e-09   -2.10227e-10   -4.04409e-11   2.25485e-11   6.267e-12   5.28404e-11
5.15   1.3076e-10   -2.61783e-09   4.16232e-10   3.32725e-09   -4.63014e-11   -2.50499e-11   -8.76007e-11   2.52251e-11   4.48591e-11   -6.42652e-09   1.13575e-10   -1.05988e-09   -2.87562e-13   -5.24817e-11   -5.08204e-12   4.03173e-11   -1.45663e-10   9.45794e-09   -5.48438e-10   -2.94829e-09   2.3971e-11   -6.63266e-11   5.09784e-11   6.31398e-11
5.15   1.40584e-09   3.06799e-10   -3.02195e-09   1.49756e-09   -6.57803e-11   -2.15449e-10   2.39296e-12   -5.74212e-12   -4.29495e-10   1.27429e-11   -1.07561e-08   1.87624e-10   -2.02213e-11   -7.47045e-11   1.39879e-10   2.66221e-10   -1.08856e-09   -5.48438e-10   1.421e-08   -9.44258e-10   1.74327e-11   3.91749e-11   2.61184e-10   4.72383e-10
5.15   3.36438e-11   3.21201e-09   1.40874e-09   -4.90036e-09   -9.52692e-11   -1.87753e-10   -8.43154e-11   2.18069e-11   5.42065e-11   -1.2245e-09   1.58495e-10   -1.42892e-08   -2.07762e-11   -5.92293e-11   2.27312e-10   3.08624e-10   -2.10227e-10   -2.94829e-09   -9.44258e-10   2.10523e-08   4.44119e-11   6.24309e-11   4.60453e-10   5.44907e-10
5.15   4.07228e-11   -3.94269e-11   -2.82955e-11   4.24297e-12   -1.55211e-09   2.8308e-10   1.08673e-09   4.5998e-10   -1.92756e-12   -1.9446e-11   3.62457e-12   -1.08635e-11   -2.28035e-09   -6.16692e-11   -2.90379e-10   -1.29425e-10   -4.04409e-11   2.3971e-11   1.74327e-11   4.44119e-11   3.82846e-09   -1.89789e-10   -8.42186e-10   -3.54235e-10
5.15   -2.57133e-11   6.77484e-13   -3.11643e-11   3.04015e-11   2.84698e-10   -3.70299e-09   1.00405e-09   2.57621e-09   -1.65612e-11   -6.10604e-11   -5.42076e-11   9.4823e-12   -6.47711e-11   -6.03841e-09   -2.70862e-10   -9.29017e-10   2.25485e-11   -6.63266e-11   3.91749e-11   6.24309e-11   -1.89789e-10   1.01027e-08   -7.46642e-10   -2.3033e-09
5.15   -2.34006e-11   -1.36905e-10   2.79212e-11   5.68059e-11   1.06059e-09   8.92145e-10   -5.45723e-09   2.06804e-09   -4.23149e-11   -1.36815e-10   6.3408e-11   1.28522e-10   -3.19281e-10   -3.28755e-10   -9.83289e-09   -2.99056e-10   6.267e-12   5.09784e-11   2.61184e-10   4.60453e-10   -8.42186e-10   -7.46642e-10   1.56086e-08   -1.12114e-09
5.15   -5.78298e-11   -9.43679e-11   -2.66665e-11   7.25964e-11   4.11314e-10   2.42039e-09   2.00791e-09   -7.4221e-09   -5.89951e-11   -1.27051e-10   1.00894e-10   1.65266e-10   -1.6173e-10   -1.00968e-09   -3.15731e-10   -1.34364e-08   5.28404e-11   6.31398e-11   4.72383e-10   5.44907e-10   -3.54235e-10   -2.3033e-09   -1.12114e-09   2.24973e-08
7.34   7.06734e-09   -7.57675e-10   -7.78266e-09   1.41673e-10   -6.75418e-10   2.26804e-10   1.27715e-10   2.36893e-10   -4.40624e-09   3.8098e-10   3.13457e-09   1.15138e-10   1.43981e-10   -6.64759e-11   -4.50273e-11   -6.98099e-11   -2.5053e-09   3.25647e-10   4.39619e-09   -1.78817e-10   4.97271e-10   -1.57863e-10   -4.84387e-11   -1.62458e-10
7.34   -7.57675e-10   1.92098e-08   -1.51761e-09   -1.96867e-08   2.44733e-10   -6.89462e-10   3.14926e-10   8.95358e-11   4.32914e-10   -1.05875e-08   8.63283e-10   7.24699e-09   -9.10749e-11   -5.43146e-11   -7.73815e-11   1.982e-10   3.56245e-10   -7.11499e-09   6.92266e-10   1.03682e-08   -2.14159e-10   2.65815e-10   -2.17591e-10   3.01696e-10
7.34   -7.78266e-09   -1.51761e-09   2.20556e-08   -7.20743e-09   5.22751e-10   2.22664e-10   -5.43091e-10   2.48442e-10   3.30371e-09   8.88251e-10   -1.37664e-08   3.04e-09   -1.08031e-10   -3.89296e-11   1.26629e-10   -4.64172e-11   4.2412e-09   7.71541e-10   -7.76895e-09   3.78547e-09   -3.82449e-10   -1.73472e-10   3.66481e-10   -1.99777e-10
7.34   1.41673e-10   -1.96867e-08   -7.20743e-09   3.75966e-08   1.05619e-10   4.22328e-10   2.50236e-10   -4.91064e-10   4.85039e-11   7.37894e-09   3.08815e-09   -2.06548e-08   2.02446e-11   1.77503e-10   -6.24536e-11   -2.13077e-10   -2.06501e-10   1.02407e-08   3.84331e-09   -1.39491e-08   -2.8481e-11   3.62962e-11   -2.04508e-10   -1.02696e-10
7.34   -6.75418e-10   2.44733e-10   5.22751e-10   1.05619e-10   1.21325e-08   -1.57105e-09   -6.71225e-09   -2.4308e-09   -3.50774e-11   -3.74448e-12   -3.03276e-10   1.0173e-10   -6.93973e-09   5.40779e-10   1.89964e-09   7.86111e-10   6.53821e-10   -2.64932e-10   -1.59388e-10   -1.69638e-10   -4.91525e-09   1.0335e-09   4.49175e-09   1.57535e-09
7.34   2.26804e-10   -6.89462e-10   2.22664e-10   4.22328e-10   -1.57105e-09   2.84723e-08   -5.13086e-09   -1.56793e-08   1.93475e-11   -2.40498e-10   1.50583e-10   7.43765e-11   5.73555e-10   -1.55331e-08   1.66825e-09   3.75448e-09   -3.20183e-10   3.11133e-10   -3.50051e-10   2.71557e-10   1.04083e-09   -1.09836e-08   3.39651e-09   9.45373e-09
7.34   1.27715e-10   3.14926e-10   -5.43091e-10   2.50236e-10   -6.71225e-09   -5.13086e-09   3.97202e-08   -9.71142e-09   -1.85097e-11   1.85145e-10   8.18807e-11   2.04432e-10   1.97021e-09   1.71029e-09   -2.31117e-08   2.99268e-09   -8.20108e-11   -4.06552e-10   4.16114e-10   -5.43423e-10   4.42358e-09   3.41836e-09   -1.56803e-08   6.33989e-09
7.34   2.36893e-10   8.95358e-11   2.48442e-10   -4.91064e-10   -2.4308e-09   -1.56793e-08   -9.71142e-09   5.61257e-08   1.54694e-10   3.05233e-10   2.05644e-10   -3.1206e-10   8.14974e-10   3.80634e-09   2.99491e-09   -3.08694e-08   -2.53842e-10   3.71339e-10   -4.83014e-10   -1.75429e-10   1.53807e-09   9.38843e-09   6.3359e-09   -2.13626e-08
7.34   -4.40624e-09   4.32914e-10   3.30371e-09   4.85039e-11   -3.50774e-11   1.93475e-11   -1.85097e-11   1.54694e-10   1.44283e-08   -7.4606e-10   -2.74158e-09   -1.042e-09   -5.50966e-11   -4.78592e-11   -3.16403e-11   1.99875e-11   -9.78227e-09   4.08444e-10   -8.03636e-10   8.60028e-10   6.4929e-11   -8.08978e-11   6.09257e-11   -3.31277e-11
7.34   3.8098e-10   -1.05875e-08   8.88251e-10   7.37894e-09   -3.74448e-12   -2.40498e-10   1.85145e-10   3.05233e-10   -7.4606e-10   3.42375e-08   -2.04642e-09   -7.10164e-09   -3.64089e-11   -2.70034e-10   -3.01774e-11   2.0022e-10   4.38836e-10   -2.16692e-08   1.17316e-09   -2.73394e-09   -6.32721e-11   -1.28755e-10   -1.19159e-10   2.93842e-10
7.34   3.13457e-09   8.63283e-10   -1.37664e-08   3.08815e-09   -3.03276e-10   1.50583e-10   8.18807e-11   2.05644e-10   -2.74158e-09   -2.04642e-09   4.90932e-08   -4.06464e-09   3.42019e-11   -1.19886e-11   -9.2827e-11   -1.01277e-10   -6.42872e-10   1.18635e-09   -3.44897e-08   8.57095e-10   2.65921e-10   -5.98282e-11   2.0165e-11   -1.94283e-10
7.34   1.15138e-10   7.24699e-09   3.04e-09   -2.06548e-08   1.0173e-10   7.43765e-11   2.04432e-10   -3.1206e-10   -1.042e-09   -7.10164e-09   -4.06464e-09   6.87424e-08   2.87059e-11   2.56754e-10   -8.20585e-11   -4.37209e-10   8.42599e-10   -2.64222e-09   8.41521e-10   -4.409e-08   1.09195e-11   4.84169e-10   -1.57971e-10   -2.80468e-10
7.34   1.43981e-10   -9.10749e-11   -1.08031e-10   2.02446e-11   -6.93973e-09   5.73555e-10   1.97021e-09   8.14974e-10   -5.50966e-11   -3.64089e-11   3.42019e-11   2.87059e-11   1.60368e-08   -2.83241e-10   -9.59887e-10   -4.98245e-10   -1.01938e-10   1.7751e-11   7.29867e-11   8.72415e-11   -8.90542e-09   -2.10684e-10   -1.22258e-09   -3.83862e-10
7.34   -6.64759e-11   -5.43146e-11   -3.89296e-11   1.77503e-10   5.40779e-10   -1.55331e-08   1.71029e-09   3.80634e-09   -4.78592e-11   -2.70034e-10   -1.19886e-11   2.56754e-10   -2.83241e-10   3.79979e-08   -8.74264e-10   -2.78587e-09   1.21003e-11   -2.68796e-10   8.11955e-11   3.09787e-10   -1.8655e-10   -2.06534e-08   -7.58755e-10   -3.3196e-09
7.34   -4.50273e-11   -7.73815e-11   1.26629e-10   -6.24536e-11   1.89964e-09   1.66825e-09   -2.31117e-08   2.99491e-09   -3.16403e-11   -3.01774e-11   -9.2827e-11   -8.20585e-11   -9.59887e-10   -8.74264e-10   5.58569e-08   -1.58336e-09   7.58129e-11   1.31404e-10   -2.65059e-11   1.09644e-10   -1.15668e-09   -7.2503e-10   -3.20604e-08   -1.508e-09
7.34   -6.98099e-11   1.982e-10   -4.64172e-11   -2.13077e-10   7.86111e-10   3.75448e-09   2.99268e-09   -3.08694e-08   1.99875e-11   2.0022e-10   -1.01277e-10   -4.37209e-10   -4.98245e-10   -2.78587e-09   -1.58336e-09   7.69342e-08   1.70517e-10   3.46877e-10   1.12563e-10   -2.8529e-10   -3.47618e-10   -3.28336e-09   -1.51405e-09   -4.24289e-08
7.34   -2.5053e-09   3.56245e-10   4.2412e-09   -2.06501e-10   6.53821e-10   -3.20183e-10   -8.20108e-11   -2.53842e-10   -9.78227e-09   4.38836e-10   -6.42872e-10   8.42599e-10   -1.01938e-10   1.21003e-11   7.58129e-11   1.70517e-10   1.23852e-08   -6.48581e-10   -3.81729e-09   -7.70361e-10   -5.44568e-10   1.22664e-10   -2.0498e-11   3.04458e-10
7.34   3.25647e-10   -7.11499e-09   7.71541e-10   1.02407e-08   -2.64932e-10   3.11133e-10   -4.06552e-10   3.71339e-10   4.08444e-10   -2.16692e-08   1.18635e-09   -2.64222e-09   1.7751e-11   -2.68796e-10   1.31404e-10   3.46877e-10   -6.48581e-10   3.04895e-08   -1.83687e-09   -1.00822e-08   1.19509e-10   -7.0068e-10   3.05357e-10   1.21634e-10
7.34   4.39619e-09   6.92266e-10   -7.76895e-09   3.84331e-09   -1.59388e-10   -3.50051e-10   4.16114e-10   -4.83014e-10   -8.03636e-10   1.17316e-09   -3.44897e-08   8.41521e-10   7.29867e-11   8.11955e-11   -2.65059e-11   1.12563e-10   -3.81729e-09   -1.83687e-09   4.26041e-08   -4.63113e-09   7.5934e-11   2.64763e-10   -3.59246e-10   3.52402e-10
7.34   -1.78817e-10   1.03682e-08   3.78547e-09   -1.39491e-08   -1.69638e-10   2.71557e-10   -5.43423e-10   -1.75429e-10   8.60028e-10   -2.73394e-09   8.57095e-10   -4.409e-08   8.72415e-11   3.09787e-10   1.09644e-10   -2.8529e-10   -7.70361e-10   -1.00822e-08   -4.63113e-09   6.13776e-08   2.09413e-10   1.95344e-10   3.79569e-10   -5.00451e-10
7.34   4.97271e-10   -2.14159e-10   -3.82449e-10   -2.8481e-11   -4.91525e-09   1.04083e-09   4.42358e-09   1.53807e-09   6.4929e-11   -6.32721e-11   2.65921e-10   1.09195e-11   -8.90542e-09   -1.8655e-10   -1.15668e-09   -3.47618e-10   -5.44568e-10   1.19509e-10   7.5934e-11   2.09413e-10   1.38442e-08   -7.44842e-10   -3.44442e-09   -1.24712e-09
7.34   -1.57863e-10   2.65815e-10   -1.73472e-10   3.62962e-11   1.0335e-09   -1.09836e-08   3.41836e-09   9.38843e-09   -8.08978e-11   -1.28755e-10   -5.98282e-11   4.84169e-10   -2.10684e-10   -2.06534e-08   -7.2503e-10   -3.28336e-09   1.22664e-10   -7.0068e-10   2.64763e-10   1.95344e-10   -7.44842e-10   3.30652e-08   -2.53503e-09   -8.3479e-09
7.34   -4.84387e-11   -2.17591e-10   3.66481e-10   -2.04508e-10   4.49175e-09   3.39651e-09   -1.56803e-08   6.3359e-09   6.09257e-11   -1.19159e-10   2.0165e-11   -1.57971e-10   -1.22258e-09   -7.58755e-10   -3.20604e-08   -1.51405e-09   -2.0498e-11   3.05357e-10   -3.59246e-10   3.79569e-10   -3.44442e-09   -2.53503e-09   4.7829e-08   -4.78988e-09
7.34   -1.62458e-10   3.01696e-10   -1.99777e-10   -1.02696e-10   1.57535e-09   9.45373e-09   6.33989e-09   -2.13626e-08   -3.31277e-11   2.93842e-10   -1.94283e-10   -2.80468e-10   -3.83862e-10   -3.3196e-09   -1.508e-09   -4.24289e-08   3.04458e-10   1.21634e-10   3.52402e-10   -5.00451e-10   -1.24712e-09   -8.3479e-09   -4.78988e-09   6.65946e-08
9.385   0   0   0   0   0   0   0   0   0   0   0   0   0   0   0   0   0   0   0   0   0   0   0   0
9.385   0   0   0   0   0   0   0   0   0   0   0   0   0   0   0   0   0   0   0   0   0   0   0   0
9.385   0   0   0   0   0   0   0   0   0   0   0   0   0   0   0   0   0   0   0   0   0   0   0   0
9.385   0   0   0   0   0   0   0   0   0   0   0   0   0   0   0   0   0   0   0   0   0   0   0   0
9.385   0   0   0   0   0   0   0   0   0   0   0   0   0   0   0   0   0   0   0   0   0   0   0   0
9.385   0   0   0   0   0   0   0   0   0   0   0   0   0   0   0   0   0   0   0   0   0   0   0   0
9.385   0   0   0   0   0   0   0   0   0   0   0   0   0   0   0   0   0   0   0   0   0   0   0   0
9.385   0   0   0   0   0   0   0   0   0   0   0   0   0   0   0   0   0   0   0   0   0   0   0   0
9.385   0   0   0   0   0   0   0   0   0   0   0   0   0   0   0   0   0   0   0   0   0   0   0   0
9.385   0   0   0   0   0   0   0   0   0   0   0   0   0   0   0   0   0   0   0   0   0   0   0   0
9.385   0   0   0   0   0   0   0   0   0   0   0   0   0   0   0   0   0   0   0   0   0   0   0   0
9.385   0   0   0   0   0   0   0   0   0   0   0   0   0   0   0   0   0   0   0   0   0   0   0   0
9.385   0   0   0   0   0   0   0   0   0   0   0   0   0   0   0   0   0   0   0   0   0   0   0   0
9.385   0   0   0   0   0   0   0   0   0   0   0   0   0   0   0   0   0   0   0   0   0   0   0   0
9.385   0   0   0   0   0   0   0   0   0   0   0   0   0   0   0   0   0   0   0   0   0   0   0   0
9.385   0   0   0   0   0   0   0   0   0   0   0   0   0   0   0   0   0   0   0   0   0   0   0   0
9.385   0   0   0   0   0   0   0   0   0   0   0   0   0   0   0   0   0   0   0   0   0   0   0   0
9.385   0   0   0   0   0   0   0   0   0   0   0   0   0   0   0   0   0   0   0   0   0   0   0   0
9.385   0   0   0   0   0   0   0   0   0   0   0   0   0   0   0   0   0   0   0   0   0   0   0   0
9.385   0   0   0   0   0   0   0   0   0   0   0   0   0   0   0   0   0   0   0   0   0   0   0   0
9.385   0   0   0   0   0   0   0   0   0   0   0   0   0   0   0   0   0   0   0   0   0   0   0   0
9.385   0   0   0   0   0   0   0   0   0   0   0   0   0   0   0   0   0   0   0   0   0   0   0   0
9.385   0   0   0   0   0   0   0   0   0   0   0   0   0   0   0   0   0   0   0   0   0   0   0   0
9.385   0   0   0   0   0   0   0   0   0   0   0   0   0   0   0   0   0   0   0   0   0   0   0   0
11.475   2.93142e-09   -6.14821e-10   -3.6325e-09   7.90647e-10   -7.37488e-10   2.56025e-10   4.71188e-10   -2.59305e-11   -2.01469e-09   -2.17125e-10   1.07713e-09   6.64087e-10   -6.81329e-12   1.16715e-10   2.08042e-11   -1.10955e-10   -3.64359e-10   -2.84448e-10   1.34585e-09   4.67711e-10   2.02954e-10   9.90866e-11   -1.41442e-10   -9.93834e-11
11.475   -6.14821e-10   9.40967e-09   3.33737e-10   -1.08624e-08   4.34586e-10   -7.04885e-10   -4.20276e-10   3.60465e-10   -3.79467e-10   -3.56448e-09   1.34381e-09   1.1471e-09   5.68026e-10   -1.82555e-10   -4.79382e-10   -1.84426e-10   -2.54405e-10   -1.29828e-09   1.45627e-09   2.23886e-09   8.19552e-10   6.48496e-11   -2.98463e-10   -3.37257e-10
11.475   -3.6325e-09   3.33737e-10   9.54605e-09   -3.89045e-09   9.30521e-10   -3.32553e-10   -1.07059e-09   6.58637e-10   1.12569e-09   1.00259e-09   -5.46287e-09   7.74156e-11   2.43116e-10   -5.01613e-10   -2.66238e-10   4.75852e-10   1.27734e-09   8.84005e-10   -1.85687e-09   3.23547e-10   4.20105e-11   -5.75958e-10   4.83581e-11   3.72923e-10
11.475   7.90647e-10   -1.08624e-08   -3.89045e-09   1.92167e-08   -5.00599e-10   8.63785e-10   1.12435e-09   -1.01775e-09   8.42816e-10   1.51044e-09   -2.98585e-10   -6.1839e-09   -1.02271e-09   5.3209e-10   8.9634e-10   -1.05711e-10   4.17974e-10   2.47093e-09   -3.90577e-10   -2.18214e-09   -1.46253e-09   3.32023e-10   5.75809e-10   2.10228e-10
11.475   -7.37488e-10   4.34586e-10   9.30521e-10   -5.00599e-10   7.5257e-09   -1.72168e-09   -5.5738e-09   2.23911e-10   -6.12007e-10   6.13063e-10   -1.08673e-10   -3.47732e-10   -4.07595e-09   -5.11042e-10   3.00109e-10   1.86344e-09   1.61737e-10   6.50595e-10   -1.9874e-10   -2.87531e-10   -1.76266e-09   -1.64285e-10   1.86046e-09   2.28947e-09
11.475   2.56025e-10   -7.04885e-10   -3.32553e-10   8.63785e-10   -1.72168e-09   1.65524e-08   -9.58646e-10   -1.23733e-08   1.05785e-09   -5.34063e-10   -8.99773e-10   -5.39987e-10   -3.59979e-10   -6.2154e-09   2.32627e-09   -1.18315e-09   1.56802e-09   5.28068e-11   -6.83982e-10   -6.27486e-10   2.0356e-10   -3.09967e-09   3.3526e-09   1.88703e-09
11.475   4.71188e-10   -4.20276e-10   -1.07059e-09   1.12435e-09   -5.5738e-09   -9.58646e-10   2.17534e-08   -6.52708e-09   6.09386e-10   -1.28971e-09   -1.48531e-11   1.28598e-09   4.06515e-10   1.84273e-09   -9.8557e-09   -8.02239e-10   4.71361e-10   -2.08365e-09   7.65735e-10   5.43347e-10   1.86178e-09   2.3607e-09   -5.13447e-09   5.54564e-10
11.475   -2.59305e-11   3.60465e-10   6.58637e-10   -1.01775e-09   2.23911e-10   -1.23733e-08   -6.52708e-09   3.28261e-08   -1.3763e-09   6.79048e-10   1.60755e-09   2.8441e-10   1.41841e-09   -6.23767e-10   -9.76215e-10   -1.06435e-08   -2.85032e-09   8.16416e-10   6.52584e-10   1.09571e-09   1.2745e-09   2.49297e-09   1.59949e-10   -4.80051e-09
11.475   -2.01469e-09   -3.79467e-10   1.12569e-09   8.42816e-10   -6.12007e-10   1.05785e-09   6.09386e-10   -1.3763e-09   1.10347e-08   -1.38505e-09   -3.94955e-09   4.92828e-10   -4.90005e-10   1.33891e-09   1.51779e-10   -1.44494e-09   -6.17149e-09   -8.06925e-11   -1.90715e-09   2.34072e-09   -8.01396e-11   1.54148e-09   1.3756e-10   -1.31813e-09
11.475   -2.17125e-10   -3.56448e-09   1.00259e-09   1.51044e-09   6.13063e-10   -5.34063e-10   -1.28971e-09   6.79048e-10   -1.38505e-09   2.12897e-08   -2.10718e-10   -8.45985e-09   1.42267e-09   -3.63067e-10   -1.76843e-09   8.94902e-11   1.61326e-10   -8.98805e-09   2.19227e-09   -5.05327e-09   2.02781e-09   4.46314e-11   -1.69042e-09   1.24744e-10
11.475   1.07713e-09   1.34381e-09   -5.46287e-09   -2.98585e-10   -1.08673e-10   -8.99773e-10   -1.48531e-11   1.60755e-09   -3.94955e-09   -2.10718e-10   3.04915e-08   -5.31927e-09   1.92939e-10   -1.98605e-09   1.60259e-09   6.71088e-10   -2.25449e-09   1.17776e-09   -1.30504e-08   -3.07725e-09   2.31957e-10   -2.73723e-09   2.41549e-09   -1.14318e-10
