1.5   1.85264e-08   -2.59596e-09   -1.57831e-08   -1.28829e-09   8.9908e-10   -6.66241e-10   -5.50825e-10   -1.46282e-11   -1.32155e-08   6.6177e-10   4.73513e-09   1.0154e-09   -1.20456e-10   2.29e-11   1.20981e-11   4.43513e-11   -5.12872e-09   1.61898e-09   1.07095e-08   6.67799e-10   -7.08283e-10   5.19062e-10   4.30547e-10   1.30274e-10
1.5   -2.59596e-09   4.94931e-08   -6.67604e-09   -4.01325e-08   -6.82969e-10   1.80769e-10   4.5656e-11   -3.91266e-10   8.61381e-10   -3.02511e-08   2.83212e-09   1.18765e-08   5.68891e-11   -5.38697e-11   -1.41671e-11   -6.5933e-11   1.61531e-09   -1.70986e-08   3.9201e-09   2.5206e-08   5.76725e-10   -5.83496e-11   2.87891e-11   3.44323e-10
1.5   -1.57831e-08   -6.67604e-09   6.57357e-08   -2.00683e-08   -9.48684e-10   6.01518e-10   -7.96553e-10   1.11093e-09   6.22194e-09   3.96898e-09   -4.22241e-08   8.00272e-09   1.03226e-10   2.87736e-12   6.31702e-11   -4.30591e-12   9.15707e-09   3.20679e-09   -2.24113e-08   1.08437e-08   8.01542e-10   -6.02527e-10   7.38779e-10   -1.04124e-09
1.5   -1.28829e-09   -4.01325e-08   -2.00683e-08   1.0153e-07   4.5641e-10   -5.15765e-10   1.14821e-09   -1.18772e-09   1.96117e-09   1.36748e-08   8.5374e-09   -5.98296e-08   1.91652e-12   8.67335e-11   1.59266e-12   1.16418e-10   -3.87614e-10   2.33981e-08   1.0632e-08   -3.68537e-08   -4.51651e-10   4.6174e-10   -1.0898e-09   9.64607e-10
1.5   8.9908e-10   -6.82969e-10   -9.48684e-10   4.5641e-10   2.32089e-08   -3.41904e-09   -1.22954e-08   -3.07024e-09   -8.35162e-11   -9.33848e-11   1.82715e-11   -1.1781e-10   -1.5547e-08   4.51745e-10   1.98834e-09   7.94689e-10   -7.29682e-10   5.94925e-10   7.80578e-10   -8.82231e-11   -7.35954e-09   2.64268e-09   9.89792e-09   2.58817e-09
1.5   -6.66241e-10   1.80769e-10   6.01518e-10   -5.15765e-10   -3.41904e-09   6.05194e-08   -8.87275e-09   -3.00337e-08   -6.42758e-11   -2.25395e-10   -2.90736e-10   -3.6037e-10   5.98934e-10   -3.66606e-08   1.82691e-09   4.38269e-09   6.65337e-10   1.28611e-10   -2.15457e-10   7.17435e-10   2.69388e-09   -2.13453e-08   6.98509e-09   2.23505e-08
1.5   -5.50825e-10   4.5656e-11   -7.96553e-10   1.14821e-09   -1.22954e-08   -8.87275e-09   9.11244e-08   -1.85812e-08   -1.25587e-10   4.6515e-11   -3.46474e-10   7.14582e-11   2.30197e-09   2.21182e-09   -5.66928e-08   3.72032e-09   6.56132e-10   -1.95563e-10   1.09539e-09   -1.01135e-09   9.43577e-09   6.92514e-09   -3.27357e-08   1.37208e-08
1.5   -1.46282e-11   -3.91266e-10   1.11093e-09   -1.18772e-09   -3.07024e-09   -3.00337e-08   -1.85812e-08   1.31129e-07   7.46873e-11   -1.98882e-10   6.8134e-11   -3.37682e-10   1.10786e-09   4.7657e-09   3.88897e-09   -7.80588e-08   -8.52093e-11   6.4343e-10   -1.07519e-09   1.36379e-09   2.19471e-09   2.17242e-08   1.36338e-08   -4.70966e-08
1.5   -1.32155e-08   8.61381e-10   6.22194e-09   1.96117e-09   -8.35162e-11   -6.42758e-11   -1.25587e-10   7.46873e-11   3.21906e-08   -1.6248e-09   -4.85516e-09   -2.58862e-09   3.4222e-11   -1.92864e-11   2.8575e-12   -1.23635e-11   -1.85882e-08   6.47825e-10   -1.86067e-09   7.71243e-10   5.14435e-11   6.05892e-11   1.1119e-10   -3.00192e-11
1.5   6.6177e-10   -3.02511e-08   3.96898e-09   1.36748e-08   -9.33848e-11   -2.25395e-10   4.6515e-11   -1.98882e-10   -1.6248e-09   7.6418e-08   -4.81423e-09   -1.21727e-08   -1.40622e-11   8.82441e-12   -3.15178e-11   -3.57579e-12   8.71314e-10   -4.35192e-08   9.86859e-10   -4.957e-09   9.86119e-11   2.01857e-10   -4.54936e-12   2.06426e-10
1.5   4.73513e-09   2.83212e-09   -4.22241e-08   8.5374e-09   1.82715e-11   -2.90736e-10   -3.46474e-10   6.8134e-11   -4.85516e-09   -4.81423e-09   1.15656e-07   -9.16331e-09   -1.66054e-11   -2.11334e-11   1.98214e-12   -9.04577e-12   -4.56997e-10   2.00793e-09   -7.1811e-08   3.66625e-10   7.44407e-12   2.47814e-10   3.13295e-10   2.3628e-11
1.5   1.0154e-09   1.18765e-08   8.00272e-09   -5.98296e-08   -1.1781e-10   -3.6037e-10   7.14582e-11   -3.37682e-10   -2.58862e-09   -1.21727e-08   -9.16331e-09   1.62981e-07   -6.64178e-12   -7.3429e-13   -2.70807e-11   -7.09708e-13   1.67972e-09   -3.49182e-09   6.73639e-10   -9.68232e-08   1.14061e-10   3.32753e-10   -3.10044e-11   3.50218e-10
1.5   -1.20456e-10   5.68891e-11   1.03226e-10   1.91652e-12   -1.5547e-08   5.98934e-10   2.30197e-09   1.10786e-09   3.4222e-11   -1.40622e-11   -1.66054e-11   -6.64178e-12   3.41837e-08   -4.20005e-10   -1.18349e-09   -6.18409e-10   8.03141e-11   -3.56617e-11   -7.75814e-11   -5.49254e-12   -1.82563e-08   -2.4847e-10   -1.6267e-09   -3.51434e-10
1.5   2.29e-11   -5.38697e-11   2.87736e-12   8.67335e-11   4.51745e-10   -3.66606e-08   2.21182e-09   4.7657e-09   -1.92864e-11   8.82441e-12   -2.11334e-11   -7.3429e-13   -4.20005e-10   8.22718e-08   -1.14887e-09   -3.65826e-09   -2.82424e-12   3.15039e-11   1.41683e-11   -6.67164e-11   -1.1236e-10   -4.29702e-08   -8.41487e-10   -4.60902e-09
1.5   1.20981e-11   -1.41671e-11   6.31702e-11   1.59266e-12   1.98834e-09   1.82691e-09   -5.66928e-08   3.88897e-09   2.8575e-12   -3.15178e-11   1.98214e-12   -2.70807e-11   -1.18349e-09   -1.14887e-09   1.26945e-07   -2.29183e-09   -1.47168e-11   3.85939e-11   -6.43161e-11   2.97494e-11   -1.32133e-09   -5.24869e-10   -6.87948e-08   -1.89038e-09
1.5   4.43513e-11   -6.5933e-11   -4.30591e-12   1.16418e-10   7.94689e-10   4.38269e-09   3.72032e-09   -7.80588e-08   -1.23635e-11   -3.57579e-12   -9.04577e-12   -7.09708e-13   -6.18409e-10   -3.65826e-09   -2.29183e-09   1.78307e-07   -2.85803e-11   4.67589e-11   5.07917e-12   -8.45706e-11   -5.43919e-11   -4.30112e-09   -1.78415e-09   -9.4311e-08
1.5   -5.12872e-09   1.61531e-09   9.15707e-09   -3.87614e-10   -7.29682e-10   6.65337e-10   6.56132e-10   -8.52093e-11   -1.85882e-08   8.71314e-10   -4.56997e-10   1.67972e-09   8.03141e-11   -2.82424e-12   -1.47168e-11   -2.85803e-11   2.41201e-08   -2.30287e-09   -9.40088e-09   -1.40721e-09   5.83658e-10   -5.25363e-10   -5.30542e-10   -6.69747e-11
1.5   1.61898e-09   -1.70986e-08   3.20679e-09   2.33981e-08   5.94925e-10   1.28611e-10   -1.95563e-10   6.4343e-10   6.47825e-10   -4.35192e-08   2.00793e-09   -3.49182e-09   -3.56617e-11   3.15039e-11   3.85939e-11   4.67589e-11   -2.30287e-09   6.33675e-08   -4.83418e-09   -2.39653e-08   -5.11948e-10   -2.03641e-10   9.25523e-11   -5.92274e-10
1.5   1.07095e-08   3.9201e-09   -2.24113e-08   1.0632e-08   7.80578e-10   -2.15457e-10   1.09539e-09   -1.07519e-09   -1.86067e-09   9.86859e-10   -7.1811e-08   6.73639e-10   -7.75814e-11   1.41683e-11   -6.43161e-11   5.07917e-12   -9.40088e-09   -4.83418e-09   9.52556e-08   -1.10984e-08   -6.77932e-10   2.71244e-10   -9.97062e-10   9.17798e-10
1.5   6.67799e-10   2.5206e-08   1.08437e-08   -3.68537e-08   -8.82231e-11   7.17435e-10   -1.01135e-09   1.36379e-09   7.71243e-10   -4.957e-09   3.66625e-10   -9.68232e-08   -5.49254e-12   -6.67164e-11   2.97494e-11   -8.45706e-11   -1.40721e-09   -2.39653e-08   -1.10984e-08   1.39163e-07   1.10934e-10   -6.67667e-10   9.04721e-10   -1.17685e-09
1.5   -7.08283e-10   5.76725e-10   8.01542e-10   -4.51651e-10   -7.35954e-09   2.69388e-09   9.43577e-09   2.19471e-09   5.14435e-11   9.86119e-11   7.44407e-12   1.14061e-10   -1.82563e-08   -1.1236e-10   -1.32133e-09   -5.43919e-11   5.83658e-10   -5.11948e-10   -6.77932e-10   1.10934e-10   2.59059e-08   -2.4298e-09   -8.73073e-09   -2.17508e-09
1.5   5.19062e-10   -5.83496e-11   -6.02527e-10   4.6174e-10   2.64268e-09   -2.13453e-08   6.92514e-09   2.17242e-08   6.05892e-11   2.01857e-10   2.47814e-10   3.32753e-10   -2.4847e-10   -4.29702e-08   -5.24869e-10   -4.30112e-09   -5.25363e-10   -2.03641e-10   2.71244e-10   -6.67667e-10   -2.4298e-09   6.67146e-08   -5.97167e-09   -2.12012e-08
1.5   4.30547e-10   2.87891e-11   7.38779e-10   -1.0898e-09   9.89792e-09   6.98509e-09   -3.27357e-08   1.36338e-08   1.1119e-10   -4.54936e-12   3.13295e-10   -3.10044e-11   -1.6267e-09   -8.41487e-10   -6.87948e-08   -1.78415e-09   -5.30542e-10   9.25523e-11   -9.97062e-10   9.04721e-10   -8.73073e-09   -5.97167e-09   1.02133e-07   -1.16784e-08
1.5   1.30274e-10   3.44323e-10   -1.04124e-09   9.64607e-10   2.58817e-09   2.23505e-08   1.37208e-08   -4.70966e-08   -3.00192e-11   2.06426e-10   2.3628e-11   3.50218e-10   -3.51434e-10   -4.60902e-09   -1.89038e-09   -9.4311e-08   -6.69747e-11   -5.92274e-10   9.17798e-10   -1.17685e-09   -2.17508e-09   -2.12012e-08   -1.16784e-08   1.4618e-07
3.15   2.08417e-09   -2.28579e-10   -2.09613e-09   -7.74625e-11   6.85578e-11   -4.70151e-11   -4.61217e-11   3.68992e-11   -1.21726e-09   8.36598e-11   6.72156e-10   2.08027e-10   1.08393e-14   -1.21495e-11   -8.75374e-11   1.081e-10   -7.88931e-10   8.65356e-11   1.10434e-09   1.84777e-10   -3.42309e-11   1.29251e-11   -1.15489e-10   1.52493e-10
3.15   -2.28579e-10   5.3562e-09   -5.3271e-10   -5.1391e-09   -4.89564e-11   1.13506e-10   5.50294e-11   -9.773e-11   8.86192e-11   -2.93703e-09   4.91319e-10   1.60285e-09   -1.62397e-11   1.74574e-11   1.6516e-10   -1.92606e-10   7.25912e-11   -2.04463e-09   5.07696e-10   2.578e-09   6.32193e-12   -4.20947e-11   2.33077e-10   -2.62464e-10
3.15   -2.09613e-09   -5.3271e-10   6.38179e-09   -2.01302e-09   -5.3879e-11   2.68557e-11   8.58841e-11   -6.31951e-11   8.16384e-10   3.67895e-10   -3.91327e-09   7.88063e-10   -1.69032e-12   1.59658e-11   9.18466e-11   -1.07864e-10   1.18059e-09   2.44497e-10   -2.06768e-09   8.21447e-10   2.01069e-11   4.13531e-12   8.35076e-11   -1.38831e-10
3.15   -7.74625e-11   -5.1391e-09   -2.01302e-09   1.04821e-08   3.09489e-11   -9.22589e-11   -8.81029e-11   1.42911e-10   1.36545e-10   1.83319e-09   7.09545e-10   -5.74366e-09   2.17795e-11   -1.77351e-11   -1.71048e-10   2.11721e-10   2.19593e-11   2.82911e-09   7.39546e-10   -3.55925e-09   9.74497e-12   1.5545e-11   -2.28182e-10   2.40371e-10
3.15   6.85578e-11   -4.89564e-11   -5.3879e-11   3.09489e-11   2.85568e-09   -3.38925e-10   -1.58188e-09   -4.56493e-10   1.15342e-11   -1.57029e-11   -7.354e-11   1.16388e-10   -1.60051e-09   8.27827e-11   2.71529e-10   2.79242e-10   -4.30472e-11   1.52262e-11   -1.38947e-10   1.70675e-10   -1.15691e-09   1.97896e-10   9.67982e-10   4.94107e-10
3.15   -4.70151e-11   1.13506e-10   2.68557e-11   -9.22589e-11   -3.38925e-10   7.12749e-09   -1.04908e-09   -3.91699e-09   -1.88026e-11   4.39034e-11   1.76682e-10   -1.57025e-10   8.36849e-11   -3.93733e-09   5.18309e-10   6.38381e-10   6.51166e-12   -6.73529e-11   2.52926e-10   -3.06723e-10   1.8704e-10   -2.75401e-09   9.79978e-10   2.27618e-09
3.15   -4.61217e-11   5.50294e-11   8.58841e-11   -8.81029e-11   -1.58188e-09   -1.04908e-09   1.02868e-08   -2.43103e-09   -7.02917e-12   3.60897e-11   1.93818e-10   -1.69851e-10   3.73095e-10   3.98187e-10   -5.99466e-09   4.92465e-10   -4.86789e-12   -1.13606e-11   1.65759e-10   -2.71859e-10   1.07803e-09   7.5346e-10   -3.63199e-09   1.2934e-09
3.15   3.68992e-11   -9.773e-11   -6.31951e-11   1.42911e-10   -4.56493e-10   -3.91699e-09   -2.43103e-09   1.48412e-08   3.21472e-11   -1.33025e-11   -2.16478e-10   3.08027e-10   2.0538e-10   8.30934e-10   4.55876e-10   -8.23693e-09   1.00229e-11   -6.44644e-12   -3.41041e-10   3.07059e-10   3.44388e-10   2.54349e-09   1.25348e-09   -5.13227e-09
3.15   -1.21726e-09   8.86192e-11   8.16384e-10   1.36545e-10   1.15342e-11   -1.88026e-11   -7.02917e-12   3.21472e-11   3.3208e-09   -1.74244e-10   -6.70532e-10   -2.03065e-10   7.26994e-12   -5.28566e-12   -4.11832e-11   5.15481e-11   -2.04007e-09   5.87727e-11   -3.21074e-10   2.16023e-10   -3.26222e-12   1.59278e-12   -7.06734e-11   6.11441e-11
3.15   8.36598e-11   -2.93703e-09   3.67895e-10   1.83319e-09   -1.57029e-11   4.39034e-11   3.60897e-11   -1.33025e-11   -1.74244e-10   8.45678e-09   -4.58812e-10   -1.71931e-09   -5.86512e-12   1.33127e-11   6.76373e-11   -7.3581e-11   5.99389e-11   -5.16091e-09   2.86993e-10   -7.44578e-10   -2.00265e-12   -2.27736e-11   7.90027e-11   -1.3214e-10
3.15   6.72156e-10   4.91319e-10   -3.91327e-09   7.09545e-10   -7.354e-11   1.76682e-10   1.93818e-10   -2.16478e-10   -6.70532e-10   -4.58812e-10   1.32929e-08   -1.53037e-09   -3.82334e-11   5.34855e-11   3.72474e-10   -4.32241e-10   -1.90206e-10   1.81077e-10   -8.15932e-09   -4.75197e-10   -1.98395e-11   -3.90804e-11   4.60208e-10   -5.89457e-10
3.15   2.08027e-10   1.60285e-09   7.88063e-10   -5.74366e-09   1.16388e-10   -1.57025e-10   -1.69851e-10   3.08027e-10   -2.03065e-10   -1.71931e-09   -1.53037e-09   1.87764e-08   4.14096e-11   -5.84951e-11   -4.16527e-10   4.98872e-10   1.60458e-10   -5.05625e-10   -4.78211e-10   -1.09134e-08   -7.55863e-12   -6.38622e-13   -5.75804e-10   6.009e-10
3.15   1.08393e-14   -1.62397e-11   -1.69032e-12   2.17795e-11   -1.60051e-09   8.36849e-11   3.73095e-10   2.0538e-10   7.26994e-12   -5.86512e-12   -3.82334e-11   4.14096e-11   3.5631e-09   -6.86677e-11   -2.27769e-10   -5.74333e-11   5.15995e-12   3.62595e-12   -5.86972e-11   5.69447e-11   -1.90853e-09   -4.05682e-11   -2.97397e-10   -1.23543e-11
3.15   -1.21495e-11   1.74574e-11   1.59658e-11   -1.77351e-11   8.27827e-11   -3.93733e-09   3.98187e-10   8.30934e-10   -5.28566e-12   1.33127e-11   5.34855e-11   -5.84951e-11   -6.86677e-11   9.22962e-09   -1.45318e-10   -6.33625e-10   -7.88819e-13   -4.95591e-12   7.25546e-11   -9.39781e-11   -3.98747e-11   -4.9658e-09   -8.60329e-11   -7.58257e-10
3.15   -8.75374e-11   1.6516e-10   9.18466e-11   -1.71048e-10   2.71529e-10   5.18309e-10   -5.99466e-09   4.55876e-10   -4.11832e-11   6.76373e-11   3.72474e-10   -4.16527e-10   -2.27769e-10   -1.45318e-10   1.48832e-08   -8.15576e-10   2.84185e-13   -4.76581e-11   5.34064e-10   -6.17578e-10   -2.26684e-10   -1.62635e-10   -7.72412e-09   -8.8205e-10
3.15   1.081e-10   -1.92606e-10   -1.07864e-10   2.11721e-10   2.79242e-10   6.38381e-10   4.92465e-10   -8.23693e-09   5.15481e-11   -7.3581e-11   -4.32241e-10   4.98872e-10   -5.74333e-11   -6.33625e-10   -8.15576e-10   2.09147e-08   -7.75343e-12   4.76292e-11   -6.37137e-10   7.12535e-10   -5.38741e-11   -6.16632e-10   -8.90767e-10   -1.05878e-08
3.15   -7.88931e-10   7.25912e-11   1.18059e-09   2.19593e-11   -4.30472e-11   6.51166e-12   -4.86789e-12   1.00229e-11   -2.04007e-09   5.99389e-11   -1.90206e-10   1.60458e-10   5.15995e-12   -7.88819e-13   2.84185e-13   -7.75343e-12   2.84457e-09   -1.3906e-10   -1.0275e-09   -1.7102e-10   3.43764e-11   -3.67692e-12   1.51535e-11   -1.291e-11
3.15   8.65356e-11   -2.04463e-09   2.44497e-10   2.82911e-09   1.52262e-11   -6.73529e-11   -1.13606e-11   -6.44644e-12   5.87727e-11   -5.16091e-09   1.81077e-10   -5.05625e-10   3.62595e-12   -4.95591e-12   -4.76581e-11   4.76292e-11   -1.3906e-10   7.42587e-09   -5.08289e-10   -2.55713e-09   -2.8566e-12   4.59255e-11   -6.29282e-11   1.08028e-10
3.15   1.10434e-09   5.07696e-10   -2.06768e-09   7.39546e-10   -1.38947e-10   2.52926e-10   1.65759e-10   -3.41041e-10   -3.21074e-10   2.86993e-10   -8.15932e-09   -4.78211e-10   -5.86972e-11   7.25546e-11   5.34064e-10   -6.37137e-10   -1.0275e-09   -5.08289e-10   1.18054e-08   -2.05299e-09   6.34175e-12   -4.62588e-11   7.85031e-10   -8.23994e-10
3.15   1.84777e-10   2.578e-09   8.21447e-10   -3.55925e-09   1.70675e-10   -3.06723e-10   -2.71859e-10   3.07059e-10   2.16023e-10   -7.44578e-10   -4.75197e-10   -1.09134e-08   5.69447e-11   -9.39781e-11   -6.17578e-10   7.12535e-10   -1.7102e-10   -2.55713e-09   -2.05299e-09   1.71118e-08   -7.84199e-12   8.52523e-11   -8.08915e-10   1.02596e-09
3.15   -3.42309e-11   6.32193e-12   2.01069e-11   9.74497e-12   -1.15691e-09   1.8704e-10   1.07803e-09   3.44388e-10   -3.26222e-12   -2.00265e-12   -1.98395e-11   -7.55863e-12   -1.90853e-09   -3.98747e-11   -2.26684e-10   -5.38741e-11   3.43764e-11   -2.8566e-12   6.34175e-12   -7.84199e-12   3.06994e-09   -1.5531e-10   -8.88072e-10   -2.67036e-10
3.15   1.29251e-11   -4.20947e-11   4.13531e-12   1.5545e-11   1.97896e-10   -2.75401e-09   7.5346e-10   2.54349e-09   1.59278e-12   -2.27736e-11   -3.90804e-11   -6.38622e-13   -4.05682e-11   -4.9658e-09   -1.62635e-10   -6.16632e-10   -3.67692e-12   4.59255e-11   -4.62588e-11   8.52523e-11   -1.5531e-10   7.9097e-09   -6.26118e-10   -2.18538e-09
3.15   -1.15489e-10   2.33077e-10   8.35076e-11   -2.28182e-10   9.67982e-10   9.79978e-10   -3.63199e-09   1.25348e-09   -7.06734e-11   7.90027e-11   4.60208e-10   -5.75804e-10   -2.97397e-10   -8.60329e-11   -7.72412e-09   -8.90767e-10   1.51535e-11   -6.29282e-11   7.85031e-10   -8.08915e-10   -8.88072e-10   -6.26118e-10   1.27225e-08   -1.95943e-09
3.15   1.52493e-10   -2.62464e-10   -1.38831e-10   2.40371e-10   4.94107e-10   2.27618e-09   1.2934e-09   -5.13227e-09   6.11441e-11   -1.3214e-10   -5.89457e-10   6.009e-10   -1.23543e-11   -7.58257e-10   -8.8205e-10   -1.05878e-08   -1.291e-11   1.08028e-10   -8.23994e-10   1.02596e-09   -2.67036e-10   -2.18538e-09   -1.95943e-09   1.80861e-08
5.15   2.51526e-09   -2.37256e-10   -2.48771e-09   -1.86741e-10   -4.86616e-11   5.83455e-11   -1.92545e-12   1.17856e-11   -1.43783e-09   1.3108e-10   9.49652e-10   7.70528e-11   8.66822e-12   -4.52109e-12   -2.29794e-11   -3.91003e-11   -1.01108e-09   1.28143e-10   1.40378e-09   2.77919e-11   4.4251e-11   -2.65865e-11   -2.19489e-11   -5.85484e-11
5.15   -2.37256e-10   6.69452e-09   -7.98641e-10   -6.32215e-09   6.35161e-11   -8.9608e-12   4.15311e-11   -2.32502e-11   1.45102e-10   -3.53875e-09   3.20755e-10   2.17789e-09   -9.87541e-12   -4.78036e-12   -8.07223e-11   -6.8494e-11   1.31285e-10   -2.5983e-09   2.96518e-10   3.21293e-09   -4.05997e-11   5.15453e-12   -1.38946e-10   -9.12077e-11
5.15   -2.48771e-09   -7.98641e-10   8.05435e-09   -2.54721e-09   3.20214e-11   2.90497e-11   -1.99978e-11   8.56033e-11   1.01511e-09   3.91526e-10   -4.84732e-09   1.11881e-09   -4.87107e-12   -9.65534e-12   2.18481e-11   8.98088e-12   1.38749e-09   4.05785e-10   -2.98614e-09   1.39739e-09   -2.97685e-11   -3.47503e-11   3.14279e-11   -3.33018e-11
5.15   -1.86741e-10   -6.32215e-09   -2.54721e-09   1.32316e-08   -9.07939e-12   -3.36144e-12   7.16536e-11   5.84054e-12   9.28567e-11   2.29182e-09   1.16243e-09   -7.15418e-09   2.30567e-12   2.51381e-11   5.72177e-11   5.05378e-11   5.39312e-11   3.3257e-09   1.48768e-09   -4.86456e-09   2.56085e-12   2.96328e-11   5.10924e-11   7.4161e-11
5.15   -4.86616e-11   6.35161e-11   3.20214e-11   -9.07939e-12   3.57303e-09   -3.93697e-10   -1.64712e-09   -7.44336e-10   5.51241e-12   1.95707e-11   -3.25508e-11   -1.02699e-11   -1.93933e-09   1.54808e-10   4.18034e-10   1.85318e-10   4.87636e-11   -4.83071e-11   -6.55275e-11   -9.84165e-11   -1.53956e-09   2.8306e-10   1.07267e-09   4.0937e-10
5.15   5.83455e-11   -8.9608e-12   2.90497e-11   -3.36144e-12   -3.93697e-10   9.16253e-09   -1.54542e-09   -4.35873e-09   1.87127e-11   2.51109e-11   -2.39561e-11   -3.86551e-11   1.59003e-10   -4.81569e-09   4.11157e-10   8.61295e-10   -5.98385e-11   -2.01136e-11   -2.22202e-10   -1.87784e-10   2.81438e-10   -3.67791e-09   8.91471e-10   2.44884e-09
5.15   -1.92545e-12   4.15311e-11   -1.99978e-11   7.16536e-11   -1.64712e-09   -1.54542e-09   1.33239e-08   -2.98015e-09   1.0666e-11   3.88186e-11   7.25842e-11   1.10934e-10   4.56265e-10   4.95579e-10   -7.56603e-09   9.77559e-10   -1.48281e-11   -9.38678e-11   5.40012e-12   -9.72311e-11   1.09797e-09   1.0038e-09   -5.41034e-09   2.01267e-09
5.15   1.17856e-11   -2.32502e-11   8.56033e-11   5.84054e-12   -7.44336e-10   -4.35873e-09   -2.98015e-09   1.91558e-08   2.16291e-11   6.39352e-11   1.33773e-10   1.08113e-10   2.2857e-10   9.80203e-10   1.00988e-09   -1.03394e-08   -3.46457e-11   2.67747e-11   -1.72185e-11   2.15383e-11   4.57623e-10   2.60439e-09   2.07395e-09   -7.36573e-09
5.15   -1.43783e-09   1.45102e-10   1.01511e-09   9.28567e-11   5.51241e-12   1.87127e-11   1.0666e-11   2.16291e-11   3.9969e-09   -1.38548e-10   -6.95713e-10   -2.73824e-10   -2.87691e-14   4.14373e-12   -1.76873e-11   -1.97804e-11   -2.49453e-09   4.76181e-11   -4.24121e-10   5.93322e-11   -1.57872e-12   -1.78886e-11   -4.32662e-11   -6.20301e-11
5.15   1.3108e-10   -3.53875e-09   3.91526e-10   2.29182e-09   1.95707e-11   2.51109e-11   3.88186e-11   6.39352e-11   -1.38548e-10   1.05541e-08   -5.68563e-10   -1.9786e-09   3.14028e-12   -1.83478e-11   -5.34606e-11   -3.67614e-11   5.34733e-11   -6.42187e-09   2.169e-11   -1.21172e-09   -2.06117e-11   -6.15555e-11   -1.42319e-10   -1.30688e-10
5.15   9.49652e-10   3.20755e-10   -4.84732e-09   1.16243e-09   -3.25508e-11   -2.39561e-11   7.25842e-11   1.33773e-10   -6.95713e-10   -5.68563e-10   1.60241e-08   -9.75983e-10   -5.84885e-12   -3.06034e-11   7.94606e-11   1.37403e-10   -3.44368e-10   1.24771e-10   -1.07503e-08   1.74462e-10   4.69489e-12   -5.7189e-11   6.06809e-11   9.3364e-11
5.15   7.70528e-11   2.17789e-09   1.11881e-09   -7.15418e-09   -1.02699e-11   -3.86551e-11   1.10934e-10   1.08113e-10   -2.73824e-10   -1.9786e-09   -9.75983e-10   2.31348e-08   -6.09661e-12   2.96844e-12   1.41907e-10   1.67608e-10   1.13197e-10   -1.04316e-09   2.03925e-10   -1.42744e-08   -1.24532e-11   9.63367e-12   1.21234e-10   1.60135e-10
5.15   8.66822e-12   -9.87541e-12   -4.87107e-12   2.30567e-12   -1.93933e-09   1.59003e-10   4.56265e-10   2.2857e-10   -2.87691e-14   3.14028e-12   -5.84885e-12   -6.09661e-12   4.27264e-09   -5.50862e-11   -2.20458e-10   -1.42133e-10   -7.28923e-12   -5.72236e-13   -2.0884e-11   -2.13257e-11   -2.28184e-09   -6.40873e-11   -3.20946e-10   -1.60686e-10
5.15   -4.52109e-12   -4.78036e-12   -9.65534e-12   2.51381e-11   1.54808e-10   -4.81569e-09   4.95579e-10   9.80203e-10   4.14373e-12   -1.83478e-11   -3.06034e-11   2.96844e-12   -5.50862e-11   1.13893e-08   -2.69514e-10   -7.71484e-10   -4.62466e-12   -5.39437e-11   -7.5896e-11   -6.09365e-11   -6.07908e-11   -6.04102e-09   -3.27673e-10   -1.0129e-09
5.15   -2.29794e-11   -8.07223e-11   2.18481e-11   5.72177e-11   4.18034e-10   4.11157e-10   -7.56603e-09   1.00988e-09   -1.76873e-11   -5.34606e-11   7.94606e-11   1.41907e-10   -2.20458e-10   -2.69514e-10   1.78162e-08   -2.81582e-10   1.64745e-12   -5.30763e-12   1.38556e-10   2.27156e-10   -2.91259e-10   -2.68797e-10   -9.83878e-09   -3.13738e-10
5.15   -3.91003e-11   -6.8494e-11   8.98088e-12   5.05378e-11   1.85318e-10   8.61295e-10   9.77559e-10   -1.03394e-08   -1.97804e-11   -3.67614e-11   1.37403e-10   1.67608e-10   -1.42133e-10   -7.71484e-10   -2.81582e-10   2.54703e-08   1.99875e-11   3.95862e-11   2.66223e-10   3.07308e-10   -1.2785e-10   -9.31177e-10   -2.96919e-10   -1.34418e-08
5.15   -1.01108e-09   1.31285e-10   1.38749e-09   5.39312e-11   4.87636e-11   -5.98385e-11   -1.48281e-11   -3.46457e-11   -2.49453e-09   5.34733e-11   -3.44368e-10   1.13197e-10   -7.28923e-12   -4.62466e-12   1.64745e-12   1.99875e-11   3.51721e-09   -1.45898e-10   -1.09248e-09   -2.09942e-10   -4.40572e-11   2.46053e-11   5.60196e-12   5.6456e-11
5.15   1.28143e-10   -2.5983e-09   4.05785e-10   3.3257e-09   -4.83071e-11   -2.01136e-11   -9.38678e-11   2.67747e-11   4.76181e-11   -6.42187e-09   1.24771e-10   -1.04316e-09   -5.72236e-13   -5.39437e-11   -5.30763e-12   3.95862e-11   -1.45898e-10   9.43542e-09   -5.48568e-10   -2.96402e-09   2.60409e-11   -7.00963e-11   5.78016e-11   6.33508e-11
5.15   1.40378e-09   2.96518e-10   -2.98614e-09   1.48768e-09   -6.55275e-11   -2.22202e-10   5.40012e-12   -1.72185e-11   -4.24121e-10   2.169e-11   -1.07503e-08   2.03925e-10   -2.0884e-11   -7.5896e-11   1.38556e-10   2.66223e-10   -1.09248e-09   -5.48568e-10   1.41723e-08   -9.46868e-10   1.74866e-11   4.58956e-11   2.61561e-10   4.86757e-10
5.15   2.77919e-11   3.21293e-09   1.39739e-09   -4.86456e-09   -9.84165e-11   -1.87784e-10   -9.72311e-11   2.15383e-11   5.93322e-11   -1.21172e-09   1.74462e-10   -1.42744e-08   -2.13257e-11   -6.09365e-11   2.27156e-10   3.07308e-10   -2.09942e-10   -2.96402e-09   -9.46868e-10   2.10082e-08   4.78145e-11   6.3228e-11   4.74833e-10   5.49623e-10
5.15   4.4251e-11   -4.05997e-11   -2.97685e-11   2.56085e-12   -1.53956e-09   2.81438e-10   1.09797e-09   4.57623e-10   -1.57872e-12   -2.06117e-11   4.69489e-12   -1.24532e-11   -2.28184e-09   -6.07908e-11   -2.91259e-10   -1.2785e-10   -4.40572e-11   2.60409e-11   1.74866e-11   4.78145e-11   3.81798e-09   -1.88968e-10   -8.52686e-10   -3.53601e-10
5.15   -2.65865e-11   5.15453e-12   -3.47503e-11   2.96328e-11   2.8306e-10   -3.67791e-09   1.0038e-09   2.60439e-09   -1.78886e-11   -6.15555e-11   -5.7189e-11   9.63367e-12   -6.40873e-11   -6.04102e-09   -2.68797e-10   -9.31177e-10   2.46053e-11   -7.00963e-11   4.58956e-11   6.3228e-11   -1.88968e-10   1.00814e-08   -7.47912e-10   -2.32883e-09
5.15   -2.19489e-11   -1.38946e-10   3.14279e-11   5.10924e-11   1.07267e-09   8.91471e-10   -5.41034e-09   2.07395e-09   -4.32662e-11   -1.42319e-10   6.06809e-11   1.21234e-10   -3.20946e-10   -3.27673e-10   -9.83878e-09   -2.96919e-10   5.60196e-12   5.78016e-11   2.61561e-10   4.74833e-10   -8.52686e-10   -7.47912e-10   1.55703e-08   -1.12672e-09
5.15   -5.85484e-11   -9.12077e-11   -3.33018e-11   7.4161e-11   4.0937e-10   2.44884e-09   2.01267e-09   -7.36573e-09   -6.20301e-11   -1.30688e-10   9.3364e-11   1.60135e-10   -1.60686e-10   -1.0129e-09   -3.13738e-10   -1.34418e-08   5.6456e-11   6.33508e-11   4.86757e-10   5.49623e-10   -3.53601e-10   -2.32883e-09   -1.12672e-09   2.24501e-08
7.34   4.42924e-09   -4.22513e-10   -5.07848e-09   2.04607e-10   -4.37897e-10   2.52894e-10   9.93164e-11   8.86877e-11   -2.77066e-09   3.6023e-10   1.96291e-09   -1.07071e-10   1.44475e-10   3.04251e-11   -1.63807e-10   -2.19277e-10   -1.45865e-09   2.28771e-10   2.62309e-09   -5.4891e-10   3.86144e-10   -7.34128e-11   -2.64946e-10   -3.80402e-10
7.34   -4.22513e-10   1.27503e-08   -7.31931e-10   -1.35985e-08   3.54787e-10   8.6582e-11   6.13581e-11   -3.15459e-10   6.03534e-10   -6.37968e-09   -6.81585e-11   4.27532e-09   1.68951e-10   3.77291e-10   -6.94052e-10   -8.10651e-10   4.31003e-10   -4.4652e-09   -1.04735e-09   5.4645e-09   4.48106e-11   3.63095e-10   -1.23167e-09   -1.283e-09
7.34   -5.07848e-09   -7.31931e-10   1.39396e-08   -4.78443e-09   3.78846e-10   5.44856e-11   -4.04413e-10   2.1705e-10   2.14724e-09   3.99597e-10   -8.92861e-09   2.19176e-09   -1.18223e-10   -7.61882e-11   1.93717e-10   9.45632e-11   2.70677e-09   2.71972e-10   -4.46103e-09   2.72381e-09   -3.30664e-10   -1.28014e-10   4.38005e-10   5.8596e-11
7.34   2.04607e-10   -1.35985e-08   -4.78443e-09   2.50753e-08   -1.44762e-10   -2.37996e-10   3.15604e-10   3.68506e-11   -3.34193e-10   4.56852e-09   2.65332e-09   -1.33593e-08   -2.06427e-10   -2.98151e-10   5.88347e-10   7.93955e-10   -4.59317e-10   6.83715e-09   3.80629e-09   -7.40567e-09   -1.84856e-10   -1.83615e-10   9.27096e-10   1.40711e-09
7.34   -4.37897e-10   3.54787e-10   3.78846e-10   -1.44762e-10   8.02055e-09   -6.588e-10   -4.93933e-09   -1.77652e-09   1.34168e-10   3.17526e-10   -5.34105e-10   -3.1309e-10   -4.48843e-09   5.52314e-10   1.03867e-09   2.76567e-11   5.98431e-10   -9.12879e-11   -8.33208e-10   -1.00993e-09   -3.03449e-09   7.01534e-10   2.68028e-09   2.20105e-10
7.34   2.52894e-10   8.6582e-11   5.44856e-11   -2.37996e-10   -6.588e-10   1.95686e-08   -3.56128e-09   -1.20745e-08   5.34073e-10   7.59442e-10   -7.45286e-10   -1.19795e-09   7.2647e-10   -9.7225e-09   7.05178e-11   1.44864e-09   1.32486e-10   5.252e-10   -2.30727e-09   -2.48633e-09   9.19969e-10   -6.96379e-09   4.36238e-10   4.80758e-09
7.34   9.93164e-11   6.13581e-11   -4.04413e-10   3.15604e-10   -4.93933e-09   -3.56128e-09   2.66674e-08   -6.94803e-09   -1.58035e-10   -9.34888e-11   2.98928e-10   4.9783e-10   1.34615e-09   9.63803e-10   -1.56019e-08   2.60344e-09   -2.01764e-10   -3.73345e-10   8.81356e-10   2.59336e-10   3.12096e-09   2.12826e-09   -9.69509e-09   5.22915e-09
7.34   8.86877e-11   -3.15459e-10   2.1705e-10   3.68506e-11   -1.77652e-09   -1.20745e-08   -6.94803e-09   3.9006e-08   -2.22876e-10   -4.39468e-10   7.70512e-10   6.17864e-10   3.01134e-10   2.54253e-09   2.92184e-09   -2.10346e-08   -4.34055e-10   3.16883e-11   1.02098e-09   1.7127e-09   7.80716e-10   6.92143e-09   5.80824e-09   -1.27641e-08
7.34   -2.77066e-09   6.03534e-10   2.14724e-09   -3.34193e-10   1.34168e-10   5.34073e-10   -1.58035e-10   -2.22876e-10   9.89936e-09   -2.66414e-11   -2.51849e-09   -1.51287e-09   1.80201e-10   3.37081e-10   -6.32438e-10   -8.41345e-10   -6.40699e-09   4.85783e-10   -1.52668e-09   -7.47545e-10   2.50793e-10   8.84032e-11   -9.63346e-10   -1.38195e-09
7.34   3.6023e-10   -6.37968e-09   3.99597e-10   4.56852e-09   3.17526e-10   7.59442e-10   -9.34888e-11   -4.39468e-10   -2.66414e-11   2.355e-08   -2.44855e-09   -6.44162e-09   3.60777e-10   4.90387e-10   -1.10102e-09   -1.42432e-09   7.11585e-10   -1.42155e-08   -1.08417e-09   -4.08587e-09   2.68909e-10   2.0156e-10   -1.92032e-09   -2.23649e-09
7.34   1.96291e-09   -6.81585e-11   -8.92861e-09   2.65332e-09   -5.34105e-10   -7.45286e-10   2.98928e-10   7.70512e-10   -2.51849e-09   -2.44855e-09   3.47289e-08   -2.12011e-09   -3.52355e-10   -6.41972e-10   9.51734e-10   1.35947e-09   -5.77062e-10   7.92323e-10   -2.22882e-08   3.67908e-09   -1.09665e-10   -3.04568e-10   1.76239e-09   2.12499e-09
7.34   -1.07071e-10   4.27532e-09   2.19176e-09   -1.33593e-08   -3.1309e-10   -1.19795e-09   4.9783e-10   6.17864e-10   -1.51287e-09   -6.44162e-09   -2.12011e-09   5.03461e-08   -4.85819e-10   -7.07103e-10   1.32164e-09   1.68573e-09   2.71395e-10   -1.61228e-09   3.87164e-09   -2.87487e-08   -4.20177e-10   1.93789e-11   2.22377e-09   3.00848e-09
7.34   1.44475e-10   1.68951e-10   -1.18223e-10   -2.06427e-10   -4.48843e-09   7.2647e-10   1.34615e-09   3.01134e-10   1.80201e-10   3.60777e-10   -3.52355e-10   -4.85819e-10   1.09519e-08   6.17932e-11   -1.15705e-09   -9.83847e-10   9.43491e-11   1.36333e-10   -8.06244e-10   -1.03465e-09   -5.92348e-09   -2.84047e-12   -1.58235e-09   -1.17342e-09
7.34   3.04251e-11   3.77291e-10   -7.61882e-11   -2.98151e-10   5.52314e-10   -9.7225e-09   9.63803e-10   2.54253e-09   3.37081e-10   4.90387e-10   -6.41972e-10   -7.07103e-10   6.17932e-11   2.57891e-08   -1.39004e-09   -3.06263e-09   2.70142e-10   3.34951e-11   -1.42848e-09   -1.69154e-09   1.25978e-10   -1.37667e-08   -1.69568e-09   -3.92788e-09
7.34   -1.63807e-10   -6.94052e-10   1.93717e-10   5.88347e-10   1.03867e-09   7.05178e-11   -1.56019e-08   2.92184e-09   -6.32438e-10   -1.10102e-09   9.51734e-10   1.32164e-09   -1.15705e-09   -1.39004e-09   4.04173e-08   4.37219e-10   -3.56372e-10   -2.22919e-10   2.40538e-09   3.16259e-09   -1.15692e-09   -7.01402e-10   -2.08615e-08   1.71541e-09
7.34   -2.19277e-10   -8.10651e-10   9.45632e-11   7.93955e-10   2.76567e-11   1.44864e-09   2.60344e-09   -2.10346e-08   -8.41345e-10   -1.42432e-09   1.35947e-09   1.68573e-09   -9.83847e-10   -3.06263e-09   4.37219e-10   5.8159e-08   -4.59995e-10   -2.06978e-10   3.52293e-09   4.23729e-09   -6.74777e-10   -2.61326e-09   1.90261e-09   -2.77153e-08
7.34   -1.45865e-09   4.31003e-10   2.70677e-09   -4.59317e-10   5.98431e-10   1.32486e-10   -2.01764e-10   -4.34055e-10   -6.40699e-09   7.11585e-10   -5.77062e-10   2.71395e-10   9.43491e-11   2.70142e-10   -3.56372e-10   -4.59995e-10   8.34572e-09   -3.5004e-10   -3.48956e-09   -1.60138e-09   -2.5217e-10   1.99369e-10   -6.98974e-10   -6.93251e-10
7.34   2.28771e-10   -4.4652e-09   2.71972e-10   6.83715e-09   -9.12879e-11   5.252e-10   -3.73345e-10   3.16883e-11   4.85783e-10   -1.42155e-08   7.92323e-10   -1.61228e-09   1.36333e-10   3.34951e-11   -2.22919e-10   -2.06978e-10   -3.5004e-10   2.01821e-08   -1.91611e-09   -7.95741e-09   1.93664e-10   -4.08148e-10   -3.11071e-10   -6.37633e-10
7.34   2.62309e-09   -1.04735e-09   -4.46103e-09   3.80629e-09   -8.33208e-10   -2.30727e-09   8.81356e-10   1.02098e-09   -1.52668e-09   -1.08417e-09   -2.22882e-08   3.87164e-09   -8.06244e-10   -1.42848e-09   2.40538e-09   3.52293e-09   -3.48956e-09   -1.91611e-09   3.39873e-08   2.60536e-09   -6.46403e-10   -3.85025e-10   3.81361e-09   5.73787e-09
7.34   -5.4891e-10   5.4645e-09   2.72381e-09   -7.40567e-09   -1.00993e-09   -2.48633e-09   2.59336e-10   1.7127e-09   -7.47545e-10   -4.08587e-09   3.67908e-09   -2.87487e-08   -1.03465e-09   -1.69154e-09   3.16259e-09   4.23729e-09   -1.60138e-09   -7.95741e-09   2.60536e-09   5.11221e-08   -7.38107e-10   -6.03419e-10   5.53337e-09   6.64592e-09
7.34   3.86144e-10   4.48106e-11   -3.30664e-10   -1.84856e-10   -3.03449e-09   9.19969e-10   3.12096e-09   7.80716e-10   2.50793e-10   2.68909e-10   -1.09665e-10   -4.20177e-10   -5.92348e-09   1.25978e-10   -1.15692e-09   -6.74777e-10   -2.5217e-10   1.93664e-10   -6.46403e-10   -7.38107e-10   9.33086e-09   -3.702e-10   -3.11602e-09   -1.60665e-09
7.34   -7.34128e-11   3.63095e-10   -1.28014e-10   -1.83615e-10   7.01534e-10   -6.96379e-09   2.12826e-09   6.92143e-09   8.84032e-11   2.0156e-10   -3.04568e-10   1.93789e-11   -2.84047e-12   -1.37667e-08   -7.01402e-10   -2.61326e-09   1.99369e-10   -4.08148e-10   -3.85025e-10   -6.03419e-10   -3.702e-10   2.20023e-08   -2.16793e-09   -6.75682e-09
7.34   -2.64946e-10   -1.23167e-09   4.38005e-10   9.27096e-10   2.68028e-09   4.36238e-10   -9.69509e-09   5.80824e-09   -9.63346e-10   -1.92032e-09   1.76239e-09   2.22377e-09   -1.58235e-09   -1.69568e-09   -2.08615e-08   1.90261e-09   -6.98974e-10   -3.11071e-10   3.81361e-09   5.53337e-09   -3.11602e-09   -2.16793e-09   3.6545e-08   1.05408e-09
7.34   -3.80402e-10   -1.283e-09   5.8596e-11   1.40711e-09   2.20105e-10   4.80758e-09   5.22915e-09   -1.27641e-08   -1.38195e-09   -2.23649e-09   2.12499e-09   3.00848e-09   -1.17342e-09   -3.92788e-09   1.71541e-09   -2.77153e-08   -6.93251e-10   -6.37633e-10   5.73787e-09   6.64592e-09   -1.60665e-09   -6.75682e-09   1.05408e-09   5.363e-08
9.385   0   0   0   0   0   0   0   0   0   0   0   0   0   0   0   0   0   0   0   0   0   0   0   0
9.385   0   0   0   0   0   0   0   0   0   0   0   0   0   0   0   0   0   0   0   0   0   0   0   0
9.385   0   0   0   0   0   0   0   0   0   0   0   0   0   0   0   0   0   0   0   0   0   0   0   0
9.385   0   0   0   0   0   0   0   0   0   0   0   0   0   0   0   0   0   0   0   0   0   0   0   0
9.385   0   0   0   0   0   0   0   0   0   0   0   0   0   0   0   0   0   0   0   0   0   0   0   0
9.385   0   0   0   0   0   0   0   0   0   0   0   0   0   0   0   0   0   0   0   0   0   0   0   0
9.385   0   0   0   0   0   0   0   0   0   0   0   0   0   0   0   0   0   0   0   0   0   0   0   0
9.385   0   0   0   0   0   0   0   0   0   0   0   0   0   0   0   0   0   0   0   0   0   0   0   0
9.385   0   0   0   0   0   0   0   0   0   0   0   0   0   0   0   0   0   0   0   0   0   0   0   0
9.385   0   0   0   0   0   0   0   0   0   0   0   0   0   0   0   0   0   0   0   0   0   0   0   0
9.385   0   0   0   0   0   0   0   0   0   0   0   0   0   0   0   0   0   0   0   0   0   0   0   0
9.385   0   0   0   0   0   0   0   0   0   0   0   0   0   0   0   0   0   0   0   0   0   0   0   0
9.385   0   0   0   0   0   0   0   0   0   0   0   0   0   0   0   0   0   0   0   0   0   0   0   0
9.385   0   0   0   0   0   0   0   0   0   0   0   0   0   0   0   0   0   0   0   0   0   0   0   0
9.385   0   0   0   0   0   0   0   0   0   0   0   0   0   0   0   0   0   0   0   0   0   0   0   0
9.385   0   0   0   0   0   0   0   0   0   0   0   0   0   0   0   0   0   0   0   0   0   0   0   0
9.385   0   0   0   0   0   0   0   0   0   0   0   0   0   0   0   0   0   0   0   0   0   0   0   0
9.385   0   0   0   0   0   0   0   0   0   0   0   0   0   0   0   0   0   0   0   0   0   0   0   0
9.385   0   0   0   0   0   0   0   0   0   0   0   0   0   0   0   0   0   0   0   0   0   0   0   0
9.385   0   0   0   0   0   0   0   0   0   0   0   0   0   0   0   0   0   0   0   0   0   0   0   0
9.385   0   0   0   0   0   0   0   0   0   0   0   0   0   0   0   0   0   0   0   0   0   0   0   0
9.385   0   0   0   0   0   0   0   0   0   0   0   0   0   0   0   0   0   0   0   0   0   0   0   0
9.385   0   0   0   0   0   0   0   0   0   0   0   0   0   0   0   0   0   0   0   0   0   0   0   0
9.385   0   0   0   0   0   0   0   0   0   0   0   0   0   0   0   0   0   0   0   0   0   0   0   0
11.475   3.64985e-08   -2.19437e-08   -5.69699e-08   3.72482e-08   -3.70126e-08   4.57211e-08   5.39285e-08   -6.53642e-08   -2.26023e-07   1.38184e-07   3.52717e-07   -2.33785e-07   2.28042e-07   -2.71869e-07   -3.32398e-07   3.90196e-07   2.45871e-07   -1.51329e-07   -3.83686e-07   2.55727e-07   -2.47461e-07   2.90821e-07   3.60857e-07   -4.18186e-07
11.475   -2.19437e-08   2.26946e-07   4.40174e-08   -3.11035e-07   4.56708e-08   -1.16544e-07   -6.23926e-08   1.51385e-07   1.38296e-07   -1.39586e-06   -2.75835e-07   1.9133e-06   -2.71727e-07   7.38751e-07   3.74838e-07   -9.61585e-07   -1.5151e-07   1.51409e-06   3.01501e-07   -2.0755e-06   2.90748e-07   -8.12607e-07   -4.02944e-07   1.05874e-06
11.475   -5.69699e-08   4.40174e-08   1.28547e-07   -1.0319e-07   5.39448e-08   -6.24154e-08   -8.19311e-08   9.72943e-08   3.52724e-07   -2.75607e-07   -7.94884e-07   6.43298e-07   -3.32508e-07   3.74795e-07   5.09301e-07   -5.89128e-07   -3.83698e-07   3.01128e-07   8.64414e-07   -7.01892e-07   3.60981e-07   -4.02793e-07   -5.55646e-07   6.3618e-07
11.475   3.72482e-08   -3.11035e-07   -1.0319e-07   4.79233e-07   -6.53245e-08   1.51272e-07   9.73113e-08   -2.00839e-07   -2.3394e-07   1.91321e-06   6.43612e-07   -2.94909e-06   3.9018e-07   -9.60955e-07   -5.89484e-07   1.28274e-06   2.55979e-07   -2.07536e-06   -7.02404e-07   3.1999e-06   -4.18281e-07   1.05808e-06   6.36707e-07   -1.4164e-06
11.475   -3.70126e-08   4.56708e-08   5.39448e-08   -6.53245e-08   1.59311e-06   -9.55477e-07   -2.48702e-06   1.62284e-06   2.27716e-07   -2.70408e-07   -3.3182e-07   3.882e-07   -8.69246e-06   5.22249e-06   1.35698e-05   -8.86726e-06   -2.46949e-07   2.88686e-07   3.59901e-07   -4.15176e-07   8.98323e-06   -5.40079e-06   -1.40237e-05   9.1689e-06
11.475   4.57211e-08   -1.16544e-07   -6.24154e-08   1.51272e-07   -9.55477e-07   9.90715e-06   1.91703e-06   -1.35763e-05   -2.7054e-07   7.35265e-07   3.71813e-07   -9.55132e-07   5.2214e-06   -5.40163e-05   -1.04702e-05   7.40215e-05   2.88763e-07   -8.06732e-07   -3.98152e-07   1.04839e-06   -5.39919e-06   5.58065e-05   1.08244e-05   -7.64748e-05
11.475   5.39285e-08   -6.23926e-08   -8.19311e-08   9.73113e-08   -2.48702e-06   1.91703e-06   5.61238e-06   -4.49785e-06   -3.31569e-07   3.71955e-07   5.07513e-07   -5.85016e-07   1.35693e-05   -1.04716e-05   -3.0618e-05   2.45582e-05   3.59561e-07   -3.98342e-07   -5.52844e-07   6.29575e-07   -1.4023e-05   1.08263e-05   3.16406e-05   -2.53864e-05
11.475   -6.53642e-08   1.51385e-07   9.72943e-08   -2.00839e-07   1.62284e-06   -1.35763e-05   -4.49785e-06   2.09159e-05   3.88028e-07   -9.55985e-07   -5.84255e-07   1.27335e-06   -8.86535e-06   7.40214e-05   2.45557e-05   -0.000114043   -4.14829e-07   1.04929e-06   6.2859e-07   -1.40073e-06   9.16609e-06   -7.64745e-05   -2.53829e-05   0.000117825
11.475   -2.26023e-07   1.38296e-07   3.52724e-07   -2.3394e-07   2.27716e-07   -2.7054e-07   -3.31569e-07   3.88028e-07   2.57203e-06   -1.66245e-06   -4.01059e-06   2.78286e-06   -2.54727e-06   2.63907e-06   3.71745e-06   -3.85075e-06   -3.27001e-06   2.13798e-06   5.09959e-06   -3.57311e-06   3.22191e-06   -3.23724e-06   -4.70872e-06   4.74849e-06
11.475   1.38184e-07   -1.39586e-06   -2.75607e-07   1.91321e-06   -2.70408e-07   7.35265e-07   3.71955e-07   -9.55985e-07   -1.66245e-06   1.54823e-05   3.25256e-06   -2.12261e-05   2.63965e-06   -9.0725e-06   -3.78902e-06   1.18821e-05   2.13839e-06   -1.95668e-05   -4.16703e-06   2.68289e-05   -3.23855e-06   1.17936e-05   4.7077e-06   -1.54744e-05
11.475   3.52717e-07   -2.75835e-07   -7.94884e-07   6.43612e-07   -3.3182e-07   3.71813e-07   5.07513e-07   -5.84255e-07   -4.01059e-06   3.25256e-06   8.99866e-06   -7.48579e-06   3.71911e-06   -3.78676e-06   -5.86792e-06   6.15509e-06   5.09962e-06   -4.16615e-06   -1.14397e-05   9.57273e-06   -4.71057e-06   4.70441e-06   7.52165e-06   -7.74753e-06
